Sizes
25.0
21.93171219946131
23.021728866442675
23.021728866442675
28.792360097775937
20.024984394500787
17.11724276862369
15.033296378372908
17.204650534085253
11.180339887498949
11.180339887498949
26.92582403567252
19.1049731745428
16.492422502470642
15.132745950421556
15.033296378372908
22.847319317591726
24.08318915758459
17.029386365926403
18.35755975068582
18.681541692269406
22.80350850198276
9.219544457292887
23.259406699226016
11.40175425099138
17.26267650163207
14.212670403551895
17.72004514666935
11.40175425099138
17.804493814764857
14.142135623730951
16.401219466856727
17.804493814764857
15.620499351813308
15.652475842498529
16.401219466856727
18.24828759089466
19.0
12.041594578792296
17.0
10.770329614269007
18.439088914585774
13.92838827718412
13.341664064126334
18.0
20.808652046684813
22.80350850198276
15.811388300841896
13.892443989449804
16.1245154965971
15.811388300841896
19.1049731745428
14.560219778561036
17.46424919657298
18.601075237738275
16.0312195418814
19.79898987322333
16.278820596099706
17.69180601295413
15.033296378372908
15.231546211727817
16.0312195418814
16.55294535724685
18.867962264113206
11.40175425099138
7.280109889280518
13.0
15.524174696260024
16.401219466856727
18.027756377319946
24.758836806279895
17.0
17.11724276862369
21.540659228538015
21.93171219946131
21.93171219946131
17.46424919657298
18.0
18.027756377319946
12.806248474865697
15.652475842498529
14.212670403551895
15.297058540778355
20.615528128088304
22.47220505424423
19.849433241279208
13.45362404707371
15.811388300841896
12.806248474865697
19.72308292331602
20.0
13.341664064126334
14.560219778561036
13.038404810405298
16.0312195418814
21.2602916254693
18.788294228055936
22.360679774997898
17.11724276862369
17.46424919657298
18.439088914585774
12.806248474865697
15.556349186104045
15.033296378372908
17.0
17.11724276862369
18.601075237738275
16.278820596099706
13.341664064126334
29.698484809834994
30.23243291566195
31.953090617340916
14.866068747318506
15.0
17.46424919657298
14.866068747318506
16.55294535724685
16.278820596099706
16.492422502470642
16.55294535724685
16.97056274847714
18.384776310850235
20.12461179749811
20.8806130178211
16.15549442140351
17.029386365926403
17.08800749063506
18.027756377319946
18.439088914585774
20.591260281974
14.560219778561036
19.235384061671343
21.213203435596427
15.132745950421556
22.20360331117452
20.09975124224178
15.811388300841896
21.213203435596427
21.540659228538015
17.46424919657298
19.235384061671343
12.206555615733702
16.278820596099706
14.866068747318506
19.0
18.027756377319946
18.0
18.027756377319946
17.69180601295413
13.152946437965905
14.0
17.72004514666935
19.209372712298546
18.027756377319946
18.439088914585774
8.48528137423857
10.295630140987
21.18962010041709
16.401219466856727
19.1049731745428
26.570660511172846
19.026297590440446
21.2602916254693
22.47220505424423
14.317821063276353
18.110770276274835
18.788294228055936
16.0
22.80350850198276
16.1245154965971
12.727922061357855
21.37755832643195
23.706539182259394
17.72004514666935
9.486832980505138
15.297058540778355
13.0
16.0312195418814
16.1245154965971
17.204650534085253
20.223748416156685
12.529964086141668
21.587033144922902
21.93171219946131
12.165525060596439
14.317821063276353
17.46424919657298
12.041594578792296
16.0
16.76305461424021
18.027756377319946
19.1049731745428
14.142135623730951
16.64331697709324
10.63014581273465
15.652475842498529
17.08800749063506
19.1049731745428
14.142135623730951
17.804493814764857
18.0
19.849433241279208
21.37755832643195
16.0312195418814
13.341664064126334
19.79898987322333
11.0
15.264337522473747
17.0
18.027756377319946
15.0
15.811388300841896
17.029386365926403
20.615528128088304
22.80350850198276
18.0
18.027756377319946
21.095023109728988
20.12461179749811
20.248456731316587
20.396078054371138
20.615528128088304
22.847319317591726
25.495097567963924
12.206555615733702
13.892443989449804
13.45362404707371
16.1245154965971
12.206555615733702
18.384776310850235
18.24828759089466
14.0
19.6468827043885
21.095023109728988
14.317821063276353
19.1049731745428
21.840329667841555
23.259406699226016
17.804493814764857
13.152946437965905
14.035668847618199
24.331050121192877
19.026297590440446
14.317821063276353
17.46424919657298
20.12461179749811
14.560219778561036
15.0
11.40175425099138
14.317821063276353
16.0
21.587033144922902
23.706539182259394
18.867962264113206
19.026297590440446
15.811388300841896
19.849433241279208
11.045361017187261
10.04987562112089
14.317821063276353
18.973665961010276
16.1245154965971
18.973665961010276
19.924858845171276
18.027756377319946
18.24828759089466
17.08800749063506
18.027756377319946
15.132745950421556
16.64331697709324
12.165525060596439
12.529964086141668
17.88854381999832
19.235384061671343
19.924858845171276
15.231546211727817
20.12461179749811
20.248456731316587
15.524174696260024
19.6468827043885
19.209372712298546
17.029386365926403
16.278820596099706
22.360679774997898
17.804493814764857
21.400934559032695
13.92838827718412
16.401219466856727
11.40175425099138
16.76305461424021
16.15549442140351
16.401219466856727
17.0
18.110770276274835
19.1049731745428
19.924858845171276
20.8806130178211
16.0312195418814
16.1245154965971
13.038404810405298
16.278820596099706
17.11724276862369
8.54400374531753
23.769728648009426
17.08800749063506
17.804493814764857
18.681541692269406
17.11724276862369
20.615528128088304
14.212670403551895
15.132745950421556
19.924858845171276
23.021728866442675
13.45362404707371
14.317821063276353
14.866068747318506
17.029386365926403
18.439088914585774
19.697715603592208
17.72004514666935
17.88854381999832
18.439088914585774
18.788294228055936
16.401219466856727
19.1049731745428
19.849433241279208
21.18962010041709
19.313207915827967
23.40939982143925
16.401219466856727
18.973665961010276
15.811388300841896
16.76305461424021
16.278820596099706
20.248456731316587
24.758836806279895
21.37755832643195
19.849433241279208
23.323807579381203
15.652475842498529
18.35755975068582
20.615528128088304
16.76305461424021
19.79898987322333
20.8806130178211
16.76305461424021
18.788294228055936
21.18962010041709
20.518284528683193
21.93171219946131
22.360679774997898
23.53720459187964
15.0
18.867962264113206
18.384776310850235
17.26267650163207
15.524174696260024
10.63014581273465
14.035668847618199
17.204650534085253
12.806248474865697
17.46424919657298
19.4164878389476
16.1245154965971
12.206555615733702
14.7648230602334
16.76305461424021
18.027756377319946
21.633307652783937
19.026297590440446
10.44030650891055
24.73863375370596
9.486832980505138
17.029386365926403
15.811388300841896
12.649110640673518
14.866068747318506
17.69180601295413
22.0
19.72308292331602
15.231546211727817
24.331050121192877
26.832815729997478
27.202941017470888
19.849433241279208
21.633307652783937
10.63014581273465
17.26267650163207
14.866068747318506
11.045361017187261
16.15549442140351
17.0
17.46424919657298
17.88854381999832
16.1245154965971
17.0
17.804493814764857
21.095023109728988
14.560219778561036
11.40175425099138
12.083045973594572
14.560219778561036
10.295630140987
15.132745950421556
17.72004514666935
15.524174696260024
18.110770276274835
19.72308292331602
18.24828759089466
18.384776310850235
18.35755975068582
11.661903789690601
17.72004514666935
18.867962264113206
19.0
20.0
17.029386365926403
12.529964086141668
14.142135623730951
14.422205101855956
15.0
15.033296378372908
13.152946437965905
15.0
17.72004514666935
18.027756377319946
19.313207915827967
11.180339887498949
16.278820596099706
15.297058540778355
20.396078054371138
16.0312195418814
19.4164878389476
20.615528128088304
12.165525060596439
18.110770276274835
26.0
27.202941017470888
20.248456731316587
21.02379604162864
14.317821063276353
19.0
19.849433241279208
18.35755975068582
16.278820596099706
22.02271554554524
19.79898987322333
20.0
25.079872407968907
17.46424919657298
13.038404810405298
14.7648230602334
13.601470508735444
13.038404810405298
19.235384061671343
22.67156809750927
13.92838827718412
15.0
15.524174696260024
18.788294228055936
18.384776310850235
14.866068747318506
15.0
17.804493814764857
15.652475842498529
16.401219466856727
15.132745950421556
18.027756377319946
21.93171219946131
18.24828759089466
22.80350850198276
14.866068747318506
15.264337522473747
17.804493814764857
17.26267650163207
19.4164878389476
20.0
17.4928556845359
18.439088914585774
13.0
14.035668847618199
12.529964086141668
17.26267650163207
12.0
15.132745950421556
15.132745950421556
16.278820596099706
17.72004514666935
15.0
19.79898987322333
8.246211251235321
10.295630140987
20.0
15.524174696260024
16.55294535724685
17.72004514666935
12.529964086141668
17.4928556845359
16.1245154965971
16.1245154965971
12.041594578792296
18.24828759089466
19.1049731745428
19.235384061671343
14.560219778561036
14.866068747318506
21.095023109728988
12.083045973594572
10.770329614269007
20.591260281974
24.73863375370596
26.90724809414742
11.045361017187261
13.416407864998739
7.0710678118654755
14.866068747318506
15.556349186104045
11.40175425099138
15.132745950421556
14.142135623730951
17.69180601295413
19.1049731745428
15.811388300841896
16.55294535724685
13.0
14.317821063276353
15.620499351813308
12.041594578792296
12.649110640673518
15.033296378372908
18.681541692269406
25.495097567963924
21.095023109728988
13.152946437965905
14.422205101855956
16.1245154965971
17.72004514666935
13.892443989449804
14.317821063276353
15.297058540778355
16.1245154965971
13.341664064126334
17.0
17.46424919657298
18.973665961010276
16.278820596099706
20.024984394500787
14.866068747318506
21.213203435596427
21.540659228538015
15.811388300841896
17.029386365926403
13.92838827718412
12.041594578792296
21.840329667841555
10.770329614269007
13.601470508735444
18.027756377319946
16.0
17.4928556845359
15.132745950421556
15.297058540778355
16.55294535724685
12.529964086141668
15.264337522473747
17.0
18.110770276274835
8.602325267042627
17.46424919657298
17.88854381999832
19.924858845171276
14.142135623730951
17.204650534085253
19.4164878389476
16.278820596099706
19.0
13.416407864998739
13.038404810405298
14.7648230602334
16.15549442140351
14.142135623730951
15.264337522473747
14.560219778561036
16.0
17.72004514666935
19.4164878389476
21.400934559032695
21.470910553583888
9.055385138137417
15.811388300841896
18.24828759089466
18.681541692269406
15.033296378372908
18.027756377319946
9.219544457292887
19.026297590440446
22.20360331117452
15.231546211727817
16.0
17.204650534085253
20.248456731316587
14.7648230602334
20.248456731316587
15.264337522473747
16.0312195418814
16.64331697709324
16.15549442140351
17.69180601295413
15.033296378372908
15.652475842498529
16.0312195418814
17.204650534085253
14.7648230602334
16.15549442140351
20.12461179749811
16.492422502470642
17.029386365926403
17.804493814764857
16.64331697709324
17.204650534085253
17.46424919657298
18.35755975068582
15.811388300841896
19.026297590440446
21.095023109728988
23.08679276123039
18.439088914585774
16.278820596099706
19.026297590440446
19.209372712298546
19.72308292331602
17.08800749063506
18.027756377319946
16.278820596099706
18.027756377319946
21.02379604162864
14.7648230602334
15.811388300841896
16.278820596099706
16.76305461424021
17.204650534085253
18.788294228055936
16.0312195418814
19.697715603592208
23.021728866442675
23.40939982143925
16.76305461424021
12.041594578792296
15.297058540778355
16.0
19.4164878389476
14.7648230602334
16.0
19.026297590440446
13.0
17.26267650163207
13.038404810405298
15.132745950421556
15.132745950421556
13.416407864998739
14.142135623730951
14.866068747318506
16.1245154965971
20.615528128088304
13.416407864998739
14.866068747318506
15.0
24.041630560342615
28.635642126552707
14.317821063276353
16.492422502470642
20.223748416156685
18.110770276274835
23.08679276123039
18.439088914585774
19.209372712298546
17.72004514666935
18.027756377319946
21.095023109728988
16.278820596099706
20.12461179749811
15.811388300841896
18.110770276274835
19.313207915827967
19.924858845171276
19.026297590440446
21.95449840010015
22.360679774997898
14.7648230602334
15.811388300841896
17.26267650163207
18.027756377319946
18.681541692269406
19.72308292331602
23.021728866442675
12.0
13.92838827718412
16.492422502470642
16.0
14.560219778561036
19.4164878389476
20.223748416156685
23.323807579381203
11.704699910719626
11.180339887498949
17.46424919657298
17.88854381999832
20.615528128088304
17.11724276862369
18.973665961010276
20.518284528683193
21.587033144922902
18.24828759089466
19.924858845171276
22.20360331117452
13.892443989449804
12.806248474865697
20.024984394500787
23.345235059857504
23.40939982143925
23.706539182259394
12.649110640673518
17.0
14.212670403551895
10.63014581273465
17.26267650163207
16.55294535724685
17.029386365926403
20.024984394500787
17.0
19.4164878389476
12.206555615733702
13.45362404707371
16.15549442140351
16.15549442140351
15.811388300841896
19.209372712298546
12.041594578792296
14.317821063276353
16.76305461424021
13.416407864998739
17.804493814764857
15.556349186104045
18.027756377319946
21.2602916254693
22.090722034374522
12.165525060596439
13.0
20.09975124224178
21.02379604162864
21.095023109728988
13.038404810405298
22.80350850198276
18.439088914585774
14.317821063276353
15.556349186104045
17.029386365926403
22.02271554554524
18.027756377319946
15.811388300841896
18.601075237738275
19.0
19.235384061671343
12.806248474865697
15.620499351813308
16.55294535724685
18.439088914585774
22.02271554554524
12.165525060596439
21.02379604162864
21.93171219946131
24.515301344262525
21.540659228538015
14.142135623730951
15.0
19.0
19.209372712298546
15.297058540778355
21.095023109728988
14.560219778561036
14.866068747318506
17.11724276862369
24.041630560342615
26.832815729997478
17.0
18.384776310850235
16.0312195418814
18.384776310850235
15.264337522473747
15.620499351813308
19.235384061671343
16.55294535724685
18.35755975068582
20.0
19.313207915827967
20.248456731316587
12.806248474865697
19.235384061671343
17.029386365926403
18.867962264113206
16.55294535724685
13.0
16.15549442140351
11.180339887498949
14.560219778561036
18.24828759089466
18.788294228055936
22.02271554554524
22.135943621178654
24.839484696748443
13.152946437965905
19.849433241279208
18.384776310850235
23.194827009486403
23.769728648009426
19.1049731745428
21.840329667841555
22.20360331117452
15.264337522473747
16.278820596099706
18.439088914585774
20.024984394500787
17.88854381999832
18.439088914585774
15.524174696260024
18.110770276274835
15.264337522473747
17.4928556845359
19.849433241279208
14.317821063276353
18.027756377319946
15.231546211727817
24.596747752497688
27.294688127912362
28.600699292150182
14.317821063276353
17.029386365926403
12.529964086141668
19.0
19.1049731745428
11.045361017187261
17.26267650163207
15.0
9.486832980505138
20.0
22.360679774997898
17.029386365926403
16.278820596099706
19.4164878389476
20.396078054371138
13.892443989449804
14.866068747318506
19.313207915827967
19.6468827043885
14.317821063276353
18.027756377319946
19.1049731745428
19.209372712298546
15.264337522473747
18.027756377319946
16.278820596099706
17.46424919657298
18.439088914585774
20.248456731316587
13.601470508735444
15.132745950421556
19.313207915827967
13.601470508735444
18.384776310850235
20.0
21.470910553583888
19.72308292331602
12.529964086141668
14.035668847618199
17.88854381999832
12.041594578792296
19.72308292331602
20.024984394500787
20.591260281974
19.924858845171276
20.12461179749811
13.0
13.601470508735444
9.055385138137417
18.110770276274835
19.1049731745428
13.038404810405298
16.0
16.15549442140351
19.026297590440446
19.1049731745428
14.142135623730951
16.1245154965971
17.0
17.0
19.72308292331602
15.264337522473747
16.64331697709324
18.027756377319946
14.866068747318506
9.219544457292887
16.278820596099706
19.697715603592208
12.206555615733702
14.560219778561036
14.317821063276353
14.7648230602334
15.0
17.69180601295413
15.524174696260024
18.384776310850235
9.219544457292887
16.0
14.866068747318506
15.0
18.681541692269406
22.135943621178654
22.80350850198276
13.0
17.88854381999832
16.278820596099706
22.360679774997898
17.804493814764857
18.110770276274835
19.1049731745428
21.0
21.93171219946131
13.038404810405298
13.416407864998739
18.867962264113206
21.470910553583888
23.345235059857504
20.024984394500787
22.561028345356956
11.661903789690601
21.587033144922902
14.560219778561036
15.620499351813308
15.0
20.8806130178211
17.46424919657298
17.4928556845359
14.866068747318506
11.661903789690601
16.492422502470642
14.142135623730951
25.45584412271571
12.36931687685298
15.620499351813308
16.0312195418814
17.4928556845359
18.027756377319946
19.72308292331602
16.278820596099706
15.811388300841896
19.1049731745428
21.400934559032695
23.769728648009426
15.0
15.132745950421556
16.0312195418814
14.142135623730951
14.317821063276353
19.235384061671343
14.560219778561036
12.806248474865697
20.09975124224178
18.027756377319946
18.601075237738275
21.37755832643195
13.038404810405298
22.47220505424423
13.92838827718412
15.033296378372908
19.72308292331602
21.213203435596427
14.560219778561036
14.142135623730951
21.93171219946131
15.033296378372908
18.867962264113206
13.038404810405298
18.35755975068582
12.529964086141668
19.4164878389476
20.0
20.615528128088304
17.204650534085253
20.248456731316587
17.029386365926403
13.892443989449804
16.64331697709324
19.6468827043885
15.264337522473747
15.556349186104045
19.924858845171276
18.384776310850235
21.02379604162864
22.090722034374522
10.04987562112089
16.0312195418814
19.72308292331602
17.204650534085253
15.264337522473747
16.55294535724685
13.601470508735444
15.132745950421556
15.033296378372908
15.620499351813308
15.033296378372908
18.110770276274835
13.152946437965905
19.235384061671343
18.24828759089466
13.152946437965905
17.72004514666935
10.0
13.45362404707371
17.46424919657298
20.615528128088304
11.045361017187261
13.45362404707371
12.206555615733702
14.866068747318506
17.69180601295413
15.0
13.152946437965905
23.53720459187964
15.811388300841896
19.1049731745428
20.615528128088304
18.601075237738275
19.4164878389476
19.313207915827967
13.892443989449804
19.79898987322333
17.204650534085253
17.804493814764857
18.110770276274835
21.0
23.323807579381203
13.92838827718412
15.0
16.1245154965971
17.46424919657298
18.439088914585774
17.11724276862369
18.110770276274835
17.11724276862369
17.204650534085253
19.849433241279208
19.235384061671343
14.866068747318506
17.72004514666935
18.0
19.1049731745428
21.540659228538015
8.06225774829855
13.341664064126334
15.652475842498529
18.35755975068582
16.97056274847714
13.038404810405298
13.038404810405298
15.652475842498529
17.69180601295413
19.1049731745428
18.384776310850235
11.180339887498949
14.212670403551895
17.46424919657298
16.1245154965971
18.439088914585774
20.591260281974
14.142135623730951
20.223748416156685
16.1245154965971
17.204650534085253
17.88854381999832
21.470910553583888
14.142135623730951
17.46424919657298
17.69180601295413
19.72308292331602
16.1245154965971
19.6468827043885
17.46424919657298
21.400934559032695
21.840329667841555
22.67156809750927
12.165525060596439
18.027756377319946
20.518284528683193
17.11724276862369
19.4164878389476
20.591260281974
21.095023109728988
12.727922061357855
16.1245154965971
11.313708498984761
17.88854381999832
22.02271554554524
22.20360331117452
21.840329667841555
22.090722034374522
12.649110640673518
16.0
19.1049731745428
21.633307652783937
11.180339887498949
21.540659228538015
14.422205101855956
14.142135623730951
15.0
17.204650534085253
16.76305461424021
21.18962010041709
21.540659228538015
14.560219778561036
13.892443989449804
15.297058540778355
17.46424919657298
19.4164878389476
16.1245154965971
15.033296378372908
14.0
19.6468827043885
19.72308292331602
21.470910553583888
13.601470508735444
19.4164878389476
17.46424919657298
19.0
20.223748416156685
18.439088914585774
21.02379604162864
12.206555615733702
20.09975124224178
21.02379604162864
16.55294535724685
15.264337522473747
15.524174696260024
17.88854381999832
18.24828759089466
17.029386365926403
17.46424919657298
19.4164878389476
20.615528128088304
15.620499351813308
20.615528128088304
20.248456731316587
17.11724276862369
12.165525060596439
15.297058540778355
18.24828759089466
16.492422502470642
19.1049731745428
21.02379604162864
16.55294535724685
15.811388300841896
16.0312195418814
14.866068747318506
17.11724276862369
17.72004514666935
19.72308292331602
11.180339887498949
15.0
17.204650534085253
14.142135623730951
14.866068747318506
15.811388300841896
12.649110640673518
15.033296378372908
17.46424919657298
19.72308292331602
22.80350850198276
12.041594578792296
11.40175425099138
19.72308292331602
19.4164878389476
17.4928556845359
17.029386365926403
17.26267650163207
19.313207915827967
10.63014581273465
19.697715603592208
17.72004514666935
14.317821063276353
18.681541692269406
13.152946437965905
14.422205101855956
16.64331697709324
17.08800749063506
20.248456731316587
13.0
16.278820596099706
15.297058540778355
19.1049731745428
15.811388300841896
20.518284528683193
13.416407864998739
18.973665961010276
22.67156809750927
15.0
16.0
17.029386365926403
18.110770276274835
20.808652046684813
18.027756377319946
18.027756377319946
15.132745950421556
22.67156809750927
16.15549442140351
17.11724276862369
15.652475842498529
14.317821063276353
17.0
12.165525060596439
17.11724276862369
21.0
15.556349186104045
17.11724276862369
17.72004514666935
15.033296378372908
16.15549442140351
17.88854381999832
19.1049731745428
20.615528128088304
16.76305461424021
10.04987562112089
15.0
14.142135623730951
17.26267650163207
14.560219778561036
20.615528128088304
20.615528128088304
18.0
14.317821063276353
15.132745950421556
20.223748416156685
25.019992006393608
13.892443989449804
16.64331697709324
13.601470508735444
17.69180601295413
18.0
17.4928556845359
16.15549442140351
19.697715603592208
22.0
22.135943621178654
22.80350850198276
18.24828759089466
19.235384061671343
13.341664064126334
17.08800749063506
14.035668847618199
15.652475842498529
18.788294228055936
16.401219466856727
17.804493814764857
18.24828759089466
20.12461179749811
16.64331697709324
21.587033144922902
18.867962264113206
19.79898987322333
22.02271554554524
17.46424919657298
18.788294228055936
17.11724276862369
18.027756377319946
13.038404810405298
18.681541692269406
17.88854381999832
25.079872407968907
14.560219778561036
17.804493814764857
17.72004514666935
17.69180601295413
20.8806130178211
17.08800749063506
21.095023109728988
21.840329667841555
10.63014581273465
17.0
16.76305461424021
13.601470508735444
15.620499351813308
19.849433241279208
20.248456731316587
18.027756377319946
12.041594578792296
14.422205101855956
16.55294535724685
15.231546211727817
17.0
8.246211251235321
17.11724276862369
18.027756377319946
19.697715603592208
12.206555615733702
15.264337522473747
15.297058540778355
15.297058540778355
17.72004514666935
18.439088914585774
20.615528128088304
17.204650534085253
17.72004514666935
13.601470508735444
13.038404810405298
16.1245154965971
16.55294535724685
14.212670403551895
14.0
14.866068747318506
14.560219778561036
18.110770276274835
19.313207915827967
18.027756377319946
21.37755832643195
12.727922061357855
12.165525060596439
18.027756377319946
14.212670403551895
16.492422502470642
18.439088914585774
21.213203435596427
17.4928556845359
22.090722034374522
16.1245154965971
25.079872407968907
11.40175425099138
14.422205101855956
17.029386365926403
22.02271554554524
20.615528128088304
25.019992006393608
25.495097567963924
20.396078054371138
15.811388300841896
17.26267650163207
16.0
21.02379604162864
17.46424919657298
16.1245154965971
15.811388300841896
17.46424919657298
21.93171219946131
16.278820596099706
21.095023109728988
18.601075237738275
21.095023109728988
15.811388300841896
20.8806130178211
13.92838827718412
15.556349186104045
14.317821063276353
17.69180601295413
21.37755832643195
13.92838827718412
17.029386365926403
17.4928556845359
20.808652046684813
16.401219466856727
16.492422502470642
19.1049731745428
20.248456731316587
16.97056274847714
19.313207915827967
13.038404810405298
14.212670403551895
17.11724276862369
9.219544457292887
13.601470508735444
14.560219778561036
15.0
17.26267650163207
15.524174696260024
16.278820596099706
18.0
15.297058540778355
21.095023109728988
13.601470508735444
20.0
17.72004514666935
18.439088914585774
16.15549442140351
14.422205101855956
16.15549442140351
15.033296378372908
16.64331697709324
17.46424919657298
17.029386365926403
17.72004514666935
21.02379604162864
21.213203435596427
21.400934559032695
13.601470508735444
21.95449840010015
21.95449840010015
11.661903789690601
21.93171219946131
20.248456731316587
23.08679276123039
14.317821063276353
18.788294228055936
15.811388300841896
16.278820596099706
18.35755975068582
20.248456731316587
13.152946437965905
19.6468827043885
14.7648230602334
15.264337522473747
21.18962010041709
25.079872407968907
26.40075756488817
27.51363298439521
11.180339887498949
14.317821063276353
20.024984394500787
15.0
17.804493814764857
15.231546211727817
15.0
16.64331697709324
15.811388300841896
17.72004514666935
20.12461179749811
18.24828759089466
13.601470508735444
11.661903789690601
12.165525060596439
14.035668847618199
14.035668847618199
20.248456731316587
20.248456731316587
13.152946437965905
14.142135623730951
18.867962264113206
24.413111231467404
18.439088914585774
18.601075237738275
19.72308292331602
12.041594578792296
18.027756377319946
14.142135623730951
17.88854381999832
18.027756377319946
15.0
13.892443989449804
16.0312195418814
21.18962010041709
14.317821063276353
12.649110640673518
12.806248474865697
11.180339887498949
12.206555615733702
19.209372712298546
14.422205101855956
19.235384061671343
15.264337522473747
17.69180601295413
19.026297590440446
17.0
18.439088914585774
20.024984394500787
21.095023109728988
23.021728866442675
18.027756377319946
21.587033144922902
12.727922061357855
17.804493814764857
19.1049731745428
20.248456731316587
15.231546211727817
17.0
13.341664064126334
13.92838827718412
15.0
16.492422502470642
17.46424919657298
17.88854381999832
19.924858845171276
20.591260281974
21.37755832643195
10.770329614269007
12.165525060596439
15.132745950421556
23.40939982143925
24.186773244895647
17.029386365926403
11.704699910719626
19.235384061671343
23.021728866442675
15.652475842498529
9.899494936611665
17.804493814764857
19.209372712298546
15.811388300841896
14.422205101855956
17.69180601295413
13.601470508735444
17.11724276862369
18.867962264113206
12.083045973594572
14.422205101855956
17.804493814764857
19.1049731745428
17.08800749063506
20.808652046684813
24.08318915758459
12.0
15.264337522473747
12.727922061357855
10.770329614269007
16.492422502470642
17.029386365926403
12.649110640673518
21.2602916254693
22.0
15.524174696260024
20.615528128088304
11.40175425099138
23.706539182259394
28.284271247461902
19.1049731745428
23.345235059857504
13.152946437965905
15.264337522473747
16.76305461424021
18.788294228055936
13.038404810405298
18.027756377319946
19.026297590440446
16.64331697709324
17.4928556845359
18.867962264113206
21.095023109728988
12.36931687685298
14.212670403551895
11.313708498984761
17.029386365926403
22.47220505424423
17.0
17.0
14.866068747318506
18.027756377319946
22.80350850198276
11.40175425099138
15.811388300841896
22.20360331117452
14.866068747318506
22.02271554554524
16.15549442140351
18.24828759089466
22.20360331117452
18.35755975068582
26.019223662515376
16.278820596099706
19.924858845171276
22.360679774997898
15.0
17.804493814764857
