Sizes
18.601075237738275
15.132745950421556
14.0
11.045361017187261
14.035668847618199
15.811388300841896
17.204650534085253
30.463092423455635
15.297058540778355
10.04987562112089
17.804493814764857
13.341664064126334
23.021728866442675
24.041630560342615
25.079872407968907
13.341664064126334
11.045361017187261
20.615528128088304
11.180339887498949
13.0
21.213203435596427
19.697715603592208
19.72308292331602
18.0
18.027756377319946
20.396078054371138
16.0312195418814
12.165525060596439
11.180339887498949
13.038404810405298
8.94427190999916
12.806248474865697
18.681541692269406
18.973665961010276
21.095023109728988
13.0
16.76305461424021
12.649110640673518
14.866068747318506
12.727922061357855
21.400934559032695
12.165525060596439
15.264337522473747
12.206555615733702
14.0
14.317821063276353
15.033296378372908
19.235384061671343
12.649110640673518
14.142135623730951
12.206555615733702
15.264337522473747
14.866068747318506
13.601470508735444
15.0
13.152946437965905
13.341664064126334
13.0
16.278820596099706
12.649110640673518
14.317821063276353
14.7648230602334
17.46424919657298
12.649110640673518
15.0
12.041594578792296
13.038404810405298
13.341664064126334
17.0
15.264337522473747
17.0
13.0
14.142135623730951
15.132745950421556
15.620499351813308
10.44030650891055
13.601470508735444
14.142135623730951
16.0312195418814
17.0
18.027756377319946
19.1049731745428
19.72308292331602
20.248456731316587
15.132745950421556
13.416407864998739
14.7648230602334
12.041594578792296
14.317821063276353
15.264337522473747
17.0
14.317821063276353
18.439088914585774
14.422205101855956
16.278820596099706
13.0
14.035668847618199
16.76305461424021
10.198039027185569
21.095023109728988
11.704699910719626
16.401219466856727
17.0
12.36931687685298
14.866068747318506
12.529964086141668
14.142135623730951
13.45362404707371
15.297058540778355
15.811388300841896
15.652475842498529
16.1245154965971
15.231546211727817
13.601470508735444
15.556349186104045
17.08800749063506
15.524174696260024
18.027756377319946
18.24828759089466
20.808652046684813
21.02379604162864
15.231546211727817
19.6468827043885
13.152946437965905
15.524174696260024
16.1245154965971
14.0
16.1245154965971
16.55294535724685
13.45362404707371
14.7648230602334
12.806248474865697
14.317821063276353
17.11724276862369
18.439088914585774
19.026297590440446
13.45362404707371
17.0
13.45362404707371
17.804493814764857
17.88854381999832
21.2602916254693
17.08800749063506
12.206555615733702
15.556349186104045
15.652475842498529
16.55294535724685
12.041594578792296
14.866068747318506
13.45362404707371
11.40175425099138
18.027756377319946
18.027756377319946
13.892443989449804
13.038404810405298
19.4164878389476
22.47220505424423
13.038404810405298
15.132745950421556
17.0
17.4928556845359
15.0
18.027756377319946
14.212670403551895
18.384776310850235
13.0
19.849433241279208
13.601470508735444
15.811388300841896
14.866068747318506
16.1245154965971
16.64331697709324
14.317821063276353
16.76305461424021
13.152946437965905
12.083045973594572
16.0312195418814
18.439088914585774
17.26267650163207
13.45362404707371
18.110770276274835
15.556349186104045
20.024984394500787
9.055385138137417
12.36931687685298
14.7648230602334
14.142135623730951
17.46424919657298
11.045361017187261
15.0
15.811388300841896
13.038404810405298
13.0
14.7648230602334
17.46424919657298
18.35755975068582
16.0
19.235384061671343
16.0
20.0
20.248456731316587
13.45362404707371
14.317821063276353
18.973665961010276
12.206555615733702
14.212670403551895
15.620499351813308
17.4928556845359
25.298221281347036
20.0
21.37755832643195
14.7648230602334
17.029386365926403
15.033296378372908
16.0
16.55294535724685
17.08800749063506
16.1245154965971
18.35755975068582
19.235384061671343
13.416407864998739
13.92838827718412
14.212670403551895
17.0
13.0
15.811388300841896
13.038404810405298
14.035668847618199
14.7648230602334
11.0
13.601470508735444
13.892443989449804
10.770329614269007
16.401219466856727
22.360679774997898
16.0312195418814
16.278820596099706
18.973665961010276
13.92838827718412
15.132745950421556
16.1245154965971
12.165525060596439
14.422205101855956
19.026297590440446
21.95449840010015
23.40939982143925
15.652475842498529
19.72308292331602
20.248456731316587
17.204650534085253
18.601075237738275
20.0
22.20360331117452
14.422205101855956
18.110770276274835
18.384776310850235
11.704699910719626
10.0
12.529964086141668
14.866068747318506
16.64331697709324
9.433981132056603
13.601470508735444
11.40175425099138
12.206555615733702
12.529964086141668
15.620499351813308
13.038404810405298
12.041594578792296
12.083045973594572
12.165525060596439
18.973665961010276
20.591260281974
21.95449840010015
15.033296378372908
12.041594578792296
17.804493814764857
15.0
19.4164878389476
18.24828759089466
20.0
14.317821063276353
17.204650534085253
21.02379604162864
15.231546211727817
15.264337522473747
16.76305461424021
17.08800749063506
18.681541692269406
17.46424919657298
19.697715603592208
19.697715603592208
19.697715603592208
13.038404810405298
21.587033144922902
24.041630560342615
17.029386365926403
19.235384061671343
14.317821063276353
17.029386365926403
13.892443989449804
15.132745950421556
12.083045973594572
18.384776310850235
13.92838827718412
19.849433241279208
20.12461179749811
15.231546211727817
18.384776310850235
16.0
13.0
13.038404810405298
10.198039027185569
13.038404810405298
13.92838827718412
14.0
11.045361017187261
14.0
12.529964086141668
13.416407864998739
15.033296378372908
13.341664064126334
12.0
13.038404810405298
15.620499351813308
13.152946437965905
14.866068747318506
16.55294535724685
15.0
15.033296378372908
16.64331697709324
17.46424919657298
14.142135623730951
14.560219778561036
11.704699910719626
12.529964086141668
14.317821063276353
18.973665961010276
15.524174696260024
14.035668847618199
14.422205101855956
12.806248474865697
13.0
16.278820596099706
11.661903789690601
13.152946437965905
19.235384061671343
18.439088914585774
21.095023109728988
14.035668847618199
15.0
15.132745950421556
12.727922061357855
9.848857801796104
14.866068747318506
11.180339887498949
11.40175425099138
11.40175425099138
11.180339887498949
21.840329667841555
11.045361017187261
12.206555615733702
12.083045973594572
12.727922061357855
14.317821063276353
15.264337522473747
13.038404810405298
13.601470508735444
16.401219466856727
8.246211251235321
13.92838827718412
15.264337522473747
16.55294535724685
18.439088914585774
14.212670403551895
15.652475842498529
17.029386365926403
17.26267650163207
18.110770276274835
19.79898987322333
14.422205101855956
14.7648230602334
16.401219466856727
12.529964086141668
13.0
13.038404810405298
13.601470508735444
13.92838827718412
14.142135623730951
18.601075237738275
11.661903789690601
13.152946437965905
19.0
19.6468827043885
20.591260281974
12.806248474865697
15.033296378372908
15.620499351813308
13.416407864998739
16.55294535724685
15.264337522473747
17.11724276862369
17.029386365926403
17.72004514666935
17.46424919657298
21.02379604162864
23.08679276123039
14.212670403551895
16.64331697709324
18.027756377319946
15.033296378372908
16.0312195418814
16.0312195418814
16.55294535724685
16.492422502470642
13.038404810405298
15.811388300841896
12.649110640673518
13.038404810405298
14.035668847618199
14.560219778561036
13.0
15.132745950421556
15.620499351813308
14.0
15.033296378372908
17.46424919657298
11.40175425099138
19.209372712298546
13.892443989449804
14.866068747318506
19.235384061671343
12.649110640673518
14.0
16.0312195418814
19.235384061671343
13.038404810405298
12.727922061357855
14.422205101855956
16.64331697709324
13.038404810405298
23.40939982143925
13.416407864998739
18.973665961010276
14.560219778561036
18.601075237738275
15.033296378372908
15.231546211727817
16.64331697709324
19.209372712298546
17.46424919657298
18.35755975068582
15.297058540778355
18.110770276274835
14.317821063276353
15.231546211727817
15.652475842498529
14.142135623730951
17.88854381999832
15.556349186104045
17.88854381999832
12.041594578792296
12.0
12.529964086141668
13.341664064126334
14.142135623730951
16.278820596099706
11.180339887498949
13.92838827718412
14.422205101855956
13.92838827718412
14.422205101855956
16.0312195418814
17.08800749063506
13.038404810405298
12.0
14.317821063276353
14.7648230602334
15.033296378372908
17.029386365926403
11.661903789690601
11.40175425099138
13.152946437965905
14.560219778561036
17.204650534085253
23.853720883753127
12.206555615733702
16.76305461424021
21.02379604162864
18.35755975068582
18.788294228055936
20.615528128088304
12.649110640673518
14.035668847618199
11.40175425099138
16.55294535724685
12.083045973594572
8.602325267042627
14.317821063276353
12.806248474865697
15.033296378372908
18.027756377319946
18.439088914585774
15.264337522473747
16.0
22.360679774997898
24.08318915758459
13.038404810405298
14.317821063276353
15.811388300841896
13.92838827718412
14.7648230602334
17.46424919657298
19.697715603592208
21.095023109728988
13.0
15.620499351813308
15.0
17.88854381999832
11.180339887498949
14.142135623730951
16.97056274847714
13.601470508735444
13.92838827718412
15.033296378372908
11.704699910719626
14.142135623730951
15.811388300841896
16.55294535724685
14.866068747318506
15.811388300841896
21.02379604162864
18.027756377319946
27.202941017470888
27.892651361962706
12.36931687685298
13.601470508735444
13.0
15.264337522473747
16.1245154965971
13.892443989449804
25.238858928247925
21.37755832643195
15.231546211727817
18.384776310850235
14.422205101855956
14.422205101855956
10.44030650891055
15.231546211727817
13.0
15.033296378372908
17.4928556845359
17.88854381999832
14.142135623730951
20.808652046684813
15.264337522473747
15.652475842498529
20.0
16.0
12.165525060596439
14.035668847618199
14.560219778561036
13.152946437965905
15.811388300841896
17.72004514666935
12.529964086141668
15.132745950421556
17.08800749063506
18.027756377319946
20.0
15.264337522473747
14.560219778561036
13.0
13.92838827718412
14.142135623730951
15.652475842498529
16.76305461424021
19.72308292331602
21.633307652783937
25.632011235952593
16.492422502470642
17.204650534085253
15.811388300841896
17.0
19.209372712298546
15.0
15.811388300841896
12.165525060596439
14.866068747318506
13.341664064126334
16.1245154965971
14.7648230602334
15.652475842498529
16.0312195418814
17.69180601295413
16.55294535724685
18.027756377319946
15.811388300841896
16.64331697709324
13.038404810405298
14.317821063276353
10.04987562112089
12.36931687685298
16.0312195418814
19.6468827043885
10.816653826391969
17.4928556845359
13.892443989449804
16.1245154965971
20.615528128088304
13.038404810405298
14.142135623730951
13.038404810405298
15.231546211727817
17.204650534085253
12.0
17.69180601295413
13.038404810405298
14.7648230602334
13.601470508735444
13.601470508735444
18.439088914585774
19.1049731745428
14.560219778561036
13.601470508735444
14.0
15.811388300841896
9.899494936611665
15.524174696260024
16.1245154965971
15.033296378372908
18.027756377319946
19.026297590440446
15.0
16.0312195418814
17.69180601295413
14.317821063276353
14.212670403551895
13.0
13.0
13.601470508735444
19.026297590440446
13.0
12.165525060596439
13.341664064126334
13.892443989449804
14.317821063276353
18.439088914585774
11.180339887498949
16.1245154965971
14.142135623730951
15.0
10.04987562112089
14.212670403551895
16.0
16.64331697709324
17.0
18.027756377319946
13.601470508735444
14.035668847618199
18.788294228055936
12.165525060596439
13.038404810405298
14.866068747318506
17.72004514666935
17.88854381999832
18.788294228055936
18.027756377319946
15.0
14.7648230602334
15.231546211727817
11.661903789690601
14.0
16.1245154965971
15.0
19.235384061671343
12.529964086141668
9.899494936611665
14.317821063276353
15.132745950421556
13.892443989449804
16.278820596099706
13.152946437965905
16.278820596099706
24.166091947189145
17.69180601295413
17.804493814764857
18.0
20.024984394500787
12.041594578792296
13.92838827718412
15.297058540778355
16.0
20.248456731316587
12.206555615733702
15.231546211727817
14.317821063276353
12.649110640673518
15.231546211727817
13.45362404707371
13.416407864998739
17.0
17.0
15.652475842498529
11.180339887498949
16.76305461424021
13.416407864998739
13.601470508735444
12.206555615733702
16.0312195418814
13.038404810405298
14.212670403551895
12.806248474865697
12.806248474865697
17.0
13.152946437965905
15.524174696260024
23.021728866442675
13.038404810405298
13.601470508735444
16.64331697709324
14.7648230602334
15.264337522473747
9.433981132056603
13.416407864998739
15.652475842498529
13.341664064126334
16.55294535724685
12.083045973594572
13.892443989449804
16.64331697709324
16.15549442140351
17.0
21.2602916254693
19.313207915827967
16.55294535724685
15.0
15.0
17.4928556845359
12.806248474865697
17.46424919657298
17.46424919657298
13.0
14.0
14.142135623730951
14.035668847618199
17.88854381999832
20.248456731316587
16.492422502470642
16.64331697709324
18.110770276274835
18.601075237738275
13.601470508735444
16.0312195418814
13.92838827718412
16.0312195418814
12.0
14.422205101855956
15.264337522473747
16.64331697709324
16.492422502470642
12.165525060596439
14.560219778561036
18.384776310850235
14.317821063276353
19.235384061671343
20.808652046684813
13.892443989449804
16.401219466856727
14.142135623730951
17.72004514666935
22.47220505424423
26.870057685088806
27.073972741361768
27.459060435491963
15.652475842498529
23.259406699226016
18.788294228055936
20.024984394500787
13.892443989449804
21.095023109728988
13.0
13.0
14.0
15.0
16.401219466856727
13.892443989449804
9.486832980505138
14.142135623730951
15.524174696260024
10.816653826391969
13.152946437965905
10.0
24.20743687382041
13.341664064126334
14.560219778561036
15.620499351813308
12.206555615733702
13.892443989449804
10.63014581273465
20.0
17.029386365926403
17.11724276862369
24.08318915758459
16.1245154965971
19.6468827043885
21.0
22.20360331117452
12.36931687685298
13.038404810405298
17.204650534085253
12.083045973594572
18.24828759089466
20.808652046684813
21.540659228538015
15.231546211727817
17.0
13.038404810405298
14.142135623730951
18.027756377319946
18.788294228055936
23.259406699226016
24.413111231467404
13.038404810405298
13.038404810405298
15.524174696260024
12.083045973594572
20.248456731316587
18.110770276274835
12.36931687685298
10.0
22.360679774997898
13.038404810405298
15.297058540778355
15.620499351813308
14.7648230602334
16.55294535724685
10.295630140987
12.041594578792296
12.165525060596439
13.038404810405298
15.556349186104045
14.422205101855956
18.601075237738275
18.867962264113206
11.40175425099138
13.152946437965905
14.0
16.15549442140351
13.416407864998739
17.029386365926403
12.083045973594572
12.806248474865697
21.470910553583888
11.180339887498949
14.0
12.529964086141668
17.0
13.601470508735444
14.317821063276353
17.11724276862369
11.661903789690601
13.038404810405298
14.035668847618199
15.033296378372908
12.041594578792296
15.297058540778355
13.45362404707371
18.867962264113206
19.697715603592208
15.811388300841896
15.297058540778355
15.620499351813308
12.36931687685298
19.235384061671343
13.416407864998739
20.248456731316587
15.231546211727817
16.1245154965971
12.041594578792296
15.524174696260024
17.72004514666935
20.0
21.0
12.041594578792296
12.529964086141668
12.727922061357855
13.601470508735444
15.033296378372908
11.661903789690601
12.806248474865697
22.825424421026653
14.560219778561036
11.0
13.0
9.0
12.649110640673518
13.892443989449804
12.36931687685298
10.770329614269007
11.661903789690601
12.041594578792296
13.601470508735444
12.041594578792296
15.033296378372908
12.36931687685298
21.633307652783937
12.649110640673518
13.601470508735444
17.88854381999832
10.44030650891055
13.0
15.033296378372908
17.46424919657298
18.027756377319946
16.1245154965971
16.76305461424021
14.142135623730951
17.08800749063506
17.4928556845359
18.788294228055936
12.165525060596439
18.027756377319946
19.1049731745428
12.083045973594572
16.55294535724685
13.038404810405298
17.204650534085253
14.317821063276353
12.0
17.46424919657298
15.811388300841896
14.866068747318506
13.0
18.439088914585774
16.97056274847714
18.0
13.601470508735444
15.652475842498529
15.811388300841896
17.029386365926403
18.601075237738275
16.1245154965971
24.351591323771842
13.341664064126334
17.46424919657298
13.416407864998739
14.142135623730951
14.317821063276353
12.727922061357855
13.601470508735444
13.038404810405298
15.0
13.416407864998739
13.0
16.1245154965971
11.045361017187261
12.806248474865697
14.212670403551895
15.652475842498529
16.278820596099706
18.110770276274835
13.038404810405298
10.770329614269007
11.704699910719626
13.152946437965905
12.206555615733702
13.892443989449804
15.132745950421556
11.40175425099138
18.110770276274835
13.038404810405298
16.401219466856727
14.560219778561036
21.02379604162864
17.4928556845359
17.72004514666935
13.601470508735444
16.76305461424021
11.40175425099138
13.601470508735444
14.142135623730951
15.620499351813308
16.64331697709324
11.313708498984761
15.0
14.866068747318506
19.026297590440446
14.035668847618199
14.317821063276353
16.0312195418814
13.601470508735444
15.297058540778355
17.72004514666935
13.0
17.08800749063506
13.0
14.7648230602334
15.132745950421556
14.422205101855956
15.620499351813308
13.892443989449804
14.317821063276353
16.0312195418814
13.601470508735444
15.033296378372908
13.0
13.92838827718412
13.892443989449804
16.64331697709324
13.341664064126334
13.892443989449804
14.142135623730951
14.0
15.231546211727817
14.560219778561036
18.439088914585774
13.45362404707371
16.492422502470642
13.92838827718412
14.866068747318506
15.132745950421556
13.45362404707371
18.027756377319946
14.317821063276353
15.811388300841896
16.492422502470642
12.529964086141668
16.0
16.15549442140351
11.40175425099138
14.866068747318506
16.15549442140351
17.029386365926403
10.295630140987
13.152946437965905
10.816653826391969
22.47220505424423
12.806248474865697
14.317821063276353
15.811388300841896
18.35755975068582
13.601470508735444
14.035668847618199
11.0
11.0
14.866068747318506
15.297058540778355
13.152946437965905
16.1245154965971
16.55294535724685
19.924858845171276
14.422205101855956
13.038404810405298
13.92838827718412
15.264337522473747
13.45362404707371
14.317821063276353
13.601470508735444
18.027756377319946
16.278820596099706
18.681541692269406
12.083045973594572
20.248456731316587
12.529964086141668
16.1245154965971
16.76305461424021
13.92838827718412
15.811388300841896
17.26267650163207
17.08800749063506
20.12461179749811
11.40175425099138
12.649110640673518
15.132745950421556
16.278820596099706
13.341664064126334
14.866068747318506
14.866068747318506
10.0
11.661903789690601
14.142135623730951
15.297058540778355
12.083045973594572
15.033296378372908
13.601470508735444
19.1049731745428
22.67156809750927
23.40939982143925
13.152946437965905
13.341664064126334
13.45362404707371
15.0
21.095023109728988
10.816653826391969
14.142135623730951
20.09975124224178
10.44030650891055
14.560219778561036
15.811388300841896
16.1245154965971
17.46424919657298
11.180339887498949
13.038404810405298
14.866068747318506
9.899494936611665
13.892443989449804
13.416407864998739
13.601470508735444
15.231546211727817
15.264337522473747
17.0
15.264337522473747
17.029386365926403
15.524174696260024
12.36931687685298
14.560219778561036
16.401219466856727
13.601470508735444
15.524174696260024
10.44030650891055
16.0
17.0
13.0
14.866068747318506
15.033296378372908
15.652475842498529
24.351591323771842
15.652475842498529
17.88854381999832
19.313207915827967
10.0
11.661903789690601
17.11724276862369
13.038404810405298
10.198039027185569
10.770329614269007
20.591260281974
19.235384061671343
21.02379604162864
14.422205101855956
15.811388300841896
17.72004514666935
14.422205101855956
16.0
16.1245154965971
17.029386365926403
16.492422502470642
12.727922061357855
13.0
13.0
14.866068747318506
12.206555615733702
17.08800749063506
13.892443989449804
15.811388300841896
16.15549442140351
15.524174696260024
17.029386365926403
14.317821063276353
16.76305461424021
16.15549442140351
14.035668847618199
16.1245154965971
18.027756377319946
19.72308292331602
17.46424919657298
19.1049731745428
16.1245154965971
18.027756377319946
16.1245154965971
16.1245154965971
13.038404810405298
14.317821063276353
16.492422502470642
15.231546211727817
17.029386365926403
17.4928556845359
18.601075237738275
12.649110640673518
11.180339887498949
13.601470508735444
14.212670403551895
13.92838827718412
16.1245154965971
15.524174696260024
21.400934559032695
24.351591323771842
13.038404810405298
11.180339887498949
12.041594578792296
14.866068747318506
16.0
10.44030650891055
14.212670403551895
14.422205101855956
12.806248474865697
12.529964086141668
10.04987562112089
12.083045973594572
12.083045973594572
13.601470508735444
13.038404810405298
14.422205101855956
13.416407864998739
14.212670403551895
16.55294535724685
13.038404810405298
13.892443989449804
13.0
13.038404810405298
14.035668847618199
16.278820596099706
11.40175425099138
18.384776310850235
12.041594578792296
14.422205101855956
14.317821063276353
16.97056274847714
17.029386365926403
15.264337522473747
17.0
19.0
15.231546211727817
21.93171219946131
13.892443989449804
17.029386365926403
16.0312195418814
16.1245154965971
12.649110640673518
16.278820596099706
15.0
12.041594578792296
15.033296378372908
15.297058540778355
16.55294535724685
18.35755975068582
14.0
14.212670403551895
13.45362404707371
15.524174696260024
12.041594578792296
19.6468827043885
11.661903789690601
12.529964086141668
14.317821063276353
13.0
13.038404810405298
15.231546211727817
15.524174696260024
13.416407864998739
14.866068747318506
12.806248474865697
13.892443989449804
14.317821063276353
15.0
17.0
12.649110640673518
14.212670403551895
14.317821063276353
12.0
13.152946437965905
14.317821063276353
15.264337522473747
10.770329614269007
20.024984394500787
22.20360331117452
15.811388300841896
13.038404810405298
13.45362404707371
16.1245154965971
17.88854381999832
13.45362404707371
14.142135623730951
13.92838827718412
13.601470508735444
14.7648230602334
14.866068747318506
16.0
15.297058540778355
16.278820596099706
10.770329614269007
22.67156809750927
11.313708498984761
15.231546211727817
11.704699910719626
12.806248474865697
17.26267650163207
11.40175425099138
12.36931687685298
12.529964086141668
14.035668847618199
13.341664064126334
10.770329614269007
13.45362404707371
21.095023109728988
21.18962010041709
13.92838827718412
15.811388300841896
14.035668847618199
24.698178070456937
14.317821063276353
15.132745950421556
17.029386365926403
16.1245154965971
16.55294535724685
12.0
13.341664064126334
15.811388300841896
12.806248474865697
14.212670403551895
12.529964086141668
16.1245154965971
17.0
16.401219466856727
21.02379604162864
19.72308292331602
13.92838827718412
14.142135623730951
13.0
16.0312195418814
16.1245154965971
15.231546211727817
22.20360331117452
22.360679774997898
14.142135623730951
14.7648230602334
14.035668847618199
18.35755975068582
12.083045973594572
12.041594578792296
12.206555615733702
13.038404810405298
17.029386365926403
12.806248474865697
13.601470508735444
13.0
18.439088914585774
13.0
15.132745950421556
12.529964086141668
14.0
15.231546211727817
13.038404810405298
13.45362404707371
14.866068747318506
15.033296378372908
20.8806130178211
21.2602916254693
14.866068747318506
16.278820596099706
18.601075237738275
20.808652046684813
14.212670403551895
14.7648230602334
17.11724276862369
11.180339887498949
17.804493814764857
11.704699910719626
11.40175425099138
13.0
15.556349186104045
12.806248474865697
15.033296378372908
16.0312195418814
16.401219466856727
16.492422502470642
14.035668847618199
16.64331697709324
16.76305461424021
17.0
19.924858845171276
13.416407864998739
13.45362404707371
11.40175425099138
16.278820596099706
13.601470508735444
11.180339887498949
13.038404810405298
13.45362404707371
13.601470508735444
14.035668847618199
11.661903789690601
12.806248474865697
15.652475842498529
16.55294535724685
16.0312195418814
16.64331697709324
16.76305461424021
14.317821063276353
13.892443989449804
14.317821063276353
17.204650534085253
13.038404810405298
13.152946437965905
13.92838827718412
9.848857801796104
21.02379604162864
22.360679774997898
15.524174696260024
13.601470508735444
17.69180601295413
17.804493814764857
20.024984394500787
13.038404810405298
13.45362404707371
18.0
20.223748416156685
13.892443989449804
14.866068747318506
17.46424919657298
12.041594578792296
17.804493814764857
18.110770276274835
16.76305461424021
13.892443989449804
17.26267650163207
12.041594578792296
12.806248474865697
13.416407864998739
15.264337522473747
13.038404810405298
15.132745950421556
12.36931687685298
13.038404810405298
16.55294535724685
17.0
13.341664064126334
16.15549442140351
12.36931687685298
14.212670403551895
17.11724276862369
21.37755832643195
15.811388300841896
17.029386365926403
15.264337522473747
16.1245154965971
17.46424919657298
14.317821063276353
14.560219778561036
13.892443989449804
13.601470508735444
18.027756377319946
14.035668847618199
14.035668847618199
16.15549442140351
15.524174696260024
16.15549442140351
13.038404810405298
14.142135623730951
14.866068747318506
16.76305461424021
18.027756377319946
15.811388300841896
17.69180601295413
20.223748416156685
13.45362404707371
17.0
17.08800749063506
13.038404810405298
11.180339887498949
15.231546211727817
10.198039027185569
16.0
17.204650534085253
13.416407864998739
14.212670403551895
12.36931687685298
16.76305461424021
16.1245154965971
18.439088914585774
14.212670403551895
14.317821063276353
14.866068747318506
15.033296378372908
18.867962264113206
12.529964086141668
15.652475842498529
15.524174696260024
16.55294535724685
17.804493814764857
18.867962264113206
20.024984394500787
11.661903789690601
13.92838827718412
16.278820596099706
13.038404810405298
13.92838827718412
17.46424919657298
16.0312195418814
17.804493814764857
10.0
13.152946437965905
13.0
13.038404810405298
10.816653826391969
16.278820596099706
12.165525060596439
13.0
14.317821063276353
21.02379604162864
21.470910553583888
10.816653826391969
12.041594578792296
12.165525060596439
13.416407864998739
11.045361017187261
17.0
12.806248474865697
13.341664064126334
9.219544457292887
15.033296378372908
12.083045973594572
17.029386365926403
17.0
16.1245154965971
17.11724276862369
17.88854381999832
14.0
15.811388300841896
15.132745950421556
18.384776310850235
19.313207915827967
11.661903789690601
13.416407864998739
14.866068747318506
18.681541692269406
13.601470508735444
13.892443989449804
14.317821063276353
15.556349186104045
13.341664064126334
15.524174696260024
14.7648230602334
16.55294535724685
8.602325267042627
14.035668847618199
16.1245154965971
17.69180601295413
17.69180601295413
15.0
15.297058540778355
15.811388300841896
13.0
15.297058540778355
15.652475842498529
13.601470508735444
15.033296378372908
17.46424919657298
21.213203435596427
10.770329614269007
14.035668847618199
12.649110640673518
14.866068747318506
17.804493814764857
14.317821063276353
14.866068747318506
13.038404810405298
18.35755975068582
13.0
14.317821063276353
15.264337522473747
8.54400374531753
16.401219466856727
11.704699910719626
15.132745950421556
15.524174696260024
13.152946437965905
18.681541692269406
11.045361017187261
14.317821063276353
15.231546211727817
14.142135623730951
16.64331697709324
17.88854381999832
13.416407864998739
8.94427190999916
13.038404810405298
17.804493814764857
14.142135623730951
16.1245154965971
15.652475842498529
14.422205101855956
12.806248474865697
13.0
15.132745950421556
13.038404810405298
13.341664064126334
14.422205101855956
13.416407864998739
13.601470508735444
14.142135623730951
10.816653826391969
12.165525060596439
13.341664064126334
16.97056274847714
13.601470508735444
15.264337522473747
17.0
14.317821063276353
15.556349186104045
16.1245154965971
12.36931687685298
20.248456731316587
11.661903789690601
15.0
12.36931687685298
13.601470508735444
13.892443989449804
15.033296378372908
15.033296378372908
15.811388300841896
16.64331697709324
12.806248474865697
19.4164878389476
19.209372712298546
15.0
17.029386365926403
19.235384061671343
13.0
15.264337522473747
11.40175425099138
14.317821063276353
15.264337522473747
13.038404810405298
16.278820596099706
13.0
13.92838827718412
17.72004514666935
15.231546211727817
15.652475842498529
16.278820596099706
16.401219466856727
21.02379604162864
21.213203435596427
16.278820596099706
17.804493814764857
13.601470508735444
15.0
14.142135623730951
12.649110640673518
12.806248474865697
13.92838827718412
13.45362404707371
9.899494936611665
10.770329614269007
14.212670403551895
15.264337522473747
11.40175425099138
14.035668847618199
11.40175425099138
16.97056274847714
13.038404810405298
15.524174696260024
14.035668847618199
16.76305461424021
17.204650534085253
18.35755975068582
11.40175425099138
14.035668847618199
15.0
17.4928556845359
14.142135623730951
21.633307652783937
16.0312195418814
16.1245154965971
17.029386365926403
17.08800749063506
20.248456731316587
12.0
15.0
14.212670403551895
16.64331697709324
18.110770276274835
16.0
20.248456731316587
22.825424421026653
16.1245154965971
13.152946437965905
15.0
15.811388300841896
10.0
13.416407864998739
15.0
18.027756377319946
13.152946437965905
19.4164878389476
15.811388300841896
19.4164878389476
19.849433241279208
12.649110640673518
15.297058540778355
17.26267650163207
18.601075237738275
18.681541692269406
17.46424919657298
18.0
12.529964086141668
14.422205101855956
13.601470508735444
15.0
15.132745950421556
17.0
18.439088914585774
17.029386365926403
13.45362404707371
17.46424919657298
19.313207915827967
14.317821063276353
15.132745950421556
15.811388300841896
14.866068747318506
13.416407864998739
13.892443989449804
19.1049731745428
13.341664064126334
14.866068747318506
11.045361017187261
17.08800749063506
14.035668847618199
14.560219778561036
15.033296378372908
12.041594578792296
21.400934559032695
14.7648230602334
15.231546211727817
14.035668847618199
15.264337522473747
16.64331697709324
15.524174696260024
13.038404810405298
14.866068747318506
12.0
14.866068747318506
15.652475842498529
17.46424919657298
14.0
15.0
16.64331697709324
14.7648230602334
16.401219466856727
17.46424919657298
16.0312195418814
16.76305461424021
17.4928556845359
9.219544457292887
14.560219778561036
13.038404810405298
13.601470508735444
13.152946437965905
13.601470508735444
13.92838827718412
16.1245154965971
19.4164878389476
11.704699910719626
18.681541692269406
15.132745950421556
16.76305461424021
12.806248474865697
13.152946437965905
14.560219778561036
13.0
17.11724276862369
18.110770276274835
12.0
15.620499351813308
17.46424919657298
12.206555615733702
14.560219778561036
15.033296378372908
13.341664064126334
15.033296378372908
17.0
17.88854381999832
17.88854381999832
18.35755975068582
11.40175425099138
12.529964086141668
13.416407864998739
15.264337522473747
15.297058540778355
14.7648230602334
15.811388300841896
18.867962264113206
19.026297590440446
19.72308292331602
15.132745950421556
19.313207915827967
20.12461179749811
14.866068747318506
15.231546211727817
16.1245154965971
16.76305461424021
16.278820596099706
16.401219466856727
17.46424919657298
10.63014581273465
15.033296378372908
12.041594578792296
16.0312195418814
13.92838827718412
14.866068747318506
15.297058540778355
13.038404810405298
15.264337522473747
15.811388300841896
15.297058540778355
17.204650534085253
17.46424919657298
18.973665961010276
13.152946437965905
16.1245154965971
16.76305461424021
14.7648230602334
12.529964086141668
15.0
18.110770276274835
19.79898987322333
21.2602916254693
13.892443989449804
17.204650534085253
18.027756377319946
18.24828759089466
18.788294228055936
20.024984394500787
21.400934559032695
12.36931687685298
12.041594578792296
11.180339887498949
23.021728866442675
9.899494936611665
12.041594578792296
22.02271554554524
10.04987562112089
14.212670403551895
13.601470508735444
15.620499351813308
13.038404810405298
17.204650534085253
15.231546211727817
16.1245154965971
13.0
12.083045973594572
15.132745950421556
20.12461179749811
12.041594578792296
15.0
10.770329614269007
12.041594578792296
14.422205101855956
15.811388300841896
13.152946437965905
15.0
11.40175425099138
13.0
17.029386365926403
11.661903789690601
14.212670403551895
15.652475842498529
16.492422502470642
17.029386365926403
12.529964086141668
14.142135623730951
15.264337522473747
17.46424919657298
14.317821063276353
13.45362404707371
17.0
14.317821063276353
15.652475842498529
17.08800749063506
13.0
17.08800749063506
17.46424919657298
11.180339887498949
12.165525060596439
9.219544457292887
12.649110640673518
13.601470508735444
12.806248474865697
14.142135623730951
12.165525060596439
16.278820596099706
14.142135623730951
14.317821063276353
11.0
14.317821063276353
11.40175425099138
15.0
14.560219778561036
15.132745950421556
15.132745950421556
14.866068747318506
15.620499351813308
17.11724276862369
19.0
17.029386365926403
28.231188426986208
11.704699910719626
14.212670403551895
17.029386365926403
22.825424421026653
12.806248474865697
13.92838827718412
12.165525060596439
13.416407864998739
15.132745950421556
17.029386365926403
13.0
13.038404810405298
12.041594578792296
13.0
11.180339887498949
10.816653826391969
12.165525060596439
13.341664064126334
14.560219778561036
11.180339887498949
16.278820596099706
11.0
11.661903789690601
11.180339887498949
15.0
14.142135623730951
16.0312195418814
15.0
12.0
13.152946437965905
18.601075237738275
19.0
12.083045973594572
14.035668847618199
11.704699910719626
11.704699910719626
13.038404810405298
16.0
20.615528128088304
14.7648230602334
15.811388300841896
17.46424919657298
20.615528128088304
10.63014581273465
12.206555615733702
11.180339887498949
14.7648230602334
15.811388300841896
15.264337522473747
16.15549442140351
21.02379604162864
22.090722034374522
25.238858928247925
11.40175425099138
21.37755832643195
11.313708498984761
12.165525060596439
13.92838827718412
13.152946437965905
14.7648230602334
14.7648230602334
14.866068747318506
18.0
15.264337522473747
22.360679774997898
10.816653826391969
13.038404810405298
18.0
19.924858845171276
11.045361017187261
14.422205101855956
12.649110640673518
11.40175425099138
13.45362404707371
13.152946437965905
13.416407864998739
14.560219778561036
15.652475842498529
16.278820596099706
17.26267650163207
17.88854381999832
12.36931687685298
15.811388300841896
17.0
12.529964086141668
15.811388300841896
13.45362404707371
19.235384061671343
17.204650534085253
7.0
22.0
22.02271554554524
11.704699910719626
15.556349186104045
11.180339887498949
12.165525060596439
12.806248474865697
13.45362404707371
20.223748416156685
13.0
15.132745950421556
15.652475842498529
18.681541692269406
11.045361017187261
14.142135623730951
12.0
14.866068747318506
15.0
11.704699910719626
13.038404810405298
15.0
11.661903789690601
13.038404810405298
13.892443989449804
11.704699910719626
18.027756377319946
15.524174696260024
18.384776310850235
18.867962264113206
20.024984394500787
10.816653826391969
14.035668847618199
14.142135623730951
17.88854381999832
19.0
20.248456731316587
11.661903789690601
11.661903789690601
12.0
