Sizes
22.20360331117452
24.186773244895647
19.1049731745428
25.179356624028344
21.587033144922902
31.400636936215164
33.12099032335839
25.079872407968907
15.033296378372908
25.0
15.132745950421556
17.11724276862369
14.035668847618199
26.92582403567252
28.0178514522438
18.384776310850235
22.090722034374522
15.0
22.20360331117452
22.825424421026653
28.160255680657446
28.284271247461902
30.4138126514911
22.360679774997898
12.0
16.278820596099706
23.021728866442675
33.24154027718932
14.142135623730951
19.1049731745428
18.027756377319946
20.518284528683193
14.212670403551895
18.24828759089466
12.165525060596439
11.661903789690601
10.770329614269007
13.45362404707371
18.110770276274835
12.727922061357855
13.601470508735444
13.45362404707371
14.866068747318506
19.026297590440446
12.0
12.041594578792296
11.661903789690601
12.0
13.038404810405298
14.212670403551895
18.384776310850235
10.295630140987
14.212670403551895
11.704699910719626
25.632011235952593
26.1725046566048
15.231546211727817
16.64331697709324
16.55294535724685
15.524174696260024
16.0
19.79898987322333
13.601470508735444
16.1245154965971
17.72004514666935
16.401219466856727
17.0
15.297058540778355
16.1245154965971
14.560219778561036
17.46424919657298
10.0
20.0
18.384776310850235
19.209372712298546
26.248809496813376
18.601075237738275
19.0
11.40175425099138
18.110770276274835
12.529964086141668
13.416407864998739
11.704699910719626
15.0
15.033296378372908
15.811388300841896
13.45362404707371
23.345235059857504
15.652475842498529
19.209372712298546
12.206555615733702
17.08800749063506
17.88854381999832
12.083045973594572
12.165525060596439
15.556349186104045
17.08800749063506
21.095023109728988
23.194827009486403
11.180339887498949
18.027756377319946
15.132745950421556
13.152946437965905
10.770329614269007
17.029386365926403
17.69180601295413
17.46424919657298
13.92838827718412
16.64331697709324
14.035668847618199
16.64331697709324
18.439088914585774
13.038404810405298
14.317821063276353
15.297058540778355
18.110770276274835
11.661903789690601
19.697715603592208
13.0
13.892443989449804
11.661903789690601
14.317821063276353
15.620499351813308
16.278820596099706
14.035668847618199
15.620499351813308
12.806248474865697
24.73863375370596
12.36931687685298
15.132745950421556
13.038404810405298
13.416407864998739
16.76305461424021
19.209372712298546
12.727922061357855
13.416407864998739
13.601470508735444
21.840329667841555
13.601470508735444
11.313708498984761
12.529964086141668
13.152946437965905
21.18962010041709
23.769728648009426
19.0
19.235384061671343
20.0
20.12461179749811
20.12461179749811
22.561028345356956
12.083045973594572
11.045361017187261
11.704699910719626
12.36931687685298
29.0
20.223748416156685
11.045361017187261
11.180339887498949
12.041594578792296
12.529964086141668
20.024984394500787
17.029386365926403
13.601470508735444
14.142135623730951
13.038404810405298
14.866068747318506
15.524174696260024
17.4928556845359
21.02379604162864
21.2602916254693
16.278820596099706
11.180339887498949
11.0
19.6468827043885
13.601470508735444
12.041594578792296
12.806248474865697
10.44030650891055
14.866068747318506
13.038404810405298
14.212670403551895
11.045361017187261
12.165525060596439
13.45362404707371
15.556349186104045
12.0
17.69180601295413
11.180339887498949
12.36931687685298
10.770329614269007
13.601470508735444
11.661903789690601
13.0
13.0
15.297058540778355
12.727922061357855
12.727922061357855
12.041594578792296
12.529964086141668
13.0
13.038404810405298
10.04987562112089
12.36931687685298
11.661903789690601
13.0
13.038404810405298
12.649110640673518
16.76305461424021
18.24828759089466
18.788294228055936
11.045361017187261
14.317821063276353
13.892443989449804
16.1245154965971
18.110770276274835
18.24828759089466
13.0
17.0
13.038404810405298
15.264337522473747
17.88854381999832
11.40175425099138
11.704699910719626
11.661903789690601
12.649110640673518
13.601470508735444
15.811388300841896
16.278820596099706
17.029386365926403
12.529964086141668
12.041594578792296
13.92838827718412
17.029386365926403
12.041594578792296
13.416407864998739
13.416407864998739
12.041594578792296
12.36931687685298
13.0
17.0
10.295630140987
12.041594578792296
12.806248474865697
13.601470508735444
13.601470508735444
16.76305461424021
15.264337522473747
15.620499351813308
14.212670403551895
12.0
22.20360331117452
23.0
23.08679276123039
13.152946437965905
14.422205101855956
13.0
13.0
15.132745950421556
16.55294535724685
12.041594578792296
15.033296378372908
13.152946437965905
9.055385138137417
10.816653826391969
11.40175425099138
13.92838827718412
17.11724276862369
16.278820596099706
11.045361017187261
13.601470508735444
13.416407864998739
13.45362404707371
14.7648230602334
16.492422502470642
20.518284528683193
11.40175425099138
13.038404810405298
14.212670403551895
16.0
12.36931687685298
12.727922061357855
11.045361017187261
13.92838827718412
14.866068747318506
10.44030650891055
14.422205101855956
10.770329614269007
12.529964086141668
15.811388300841896
10.770329614269007
11.180339887498949
13.038404810405298
15.811388300841896
12.529964086141668
17.46424919657298
20.024984394500787
13.416407864998739
16.55294535724685
9.899494936611665
13.416407864998739
20.0
11.180339887498949
12.36931687685298
15.0
16.492422502470642
9.433981132056603
12.529964086141668
11.40175425099138
12.727922061357855
14.035668847618199
10.63014581273465
13.92838827718412
10.0
16.278820596099706
12.206555615733702
9.433981132056603
14.422205101855956
15.811388300841896
17.804493814764857
18.681541692269406
13.038404810405298
13.341664064126334
16.401219466856727
12.041594578792296
12.083045973594572
12.806248474865697
11.180339887498949
13.601470508735444
16.1245154965971
12.529964086141668
13.92838827718412
14.035668847618199
19.1049731745428
20.024984394500787
14.212670403551895
15.297058540778355
13.601470508735444
14.142135623730951
16.0
11.40175425099138
13.0
12.36931687685298
14.7648230602334
13.0
14.035668847618199
12.529964086141668
13.0
13.45362404707371
17.26267650163207
19.849433241279208
20.024984394500787
11.704699910719626
12.165525060596439
10.63014581273465
14.422205101855956
13.038404810405298
13.92838827718412
15.652475842498529
15.0
16.1245154965971
13.038404810405298
17.0
12.041594578792296
13.45362404707371
14.317821063276353
15.297058540778355
10.44030650891055
11.40175425099138
13.45362404707371
12.529964086141668
9.219544457292887
13.892443989449804
14.866068747318506
18.110770276274835
12.083045973594572
18.867962264113206
10.63014581273465
15.620499351813308
10.816653826391969
12.806248474865697
12.165525060596439
12.529964086141668
13.038404810405298
8.602325267042627
11.313708498984761
20.615528128088304
11.661903789690601
14.317821063276353
13.416407864998739
18.24828759089466
19.6468827043885
20.248456731316587
11.180339887498949
13.45362404707371
14.560219778561036
11.180339887498949
15.231546211727817
15.264337522473747
15.524174696260024
16.76305461424021
11.661903789690601
14.317821063276353
14.317821063276353
17.204650534085253
18.110770276274835
18.788294228055936
9.848857801796104
15.297058540778355
19.235384061671343
13.416407864998739
14.317821063276353
19.4164878389476
21.587033144922902
14.317821063276353
11.661903789690601
12.529964086141668
14.317821063276353
12.165525060596439
16.401219466856727
10.198039027185569
12.206555615733702
15.0
17.46424919657298
18.027756377319946
13.45362404707371
13.601470508735444
12.529964086141668
16.55294535724685
17.804493814764857
13.341664064126334
13.601470508735444
14.212670403551895
11.313708498984761
15.297058540778355
15.231546211727817
16.64331697709324
18.110770276274835
19.209372712298546
14.0
15.811388300841896
16.1245154965971
21.02379604162864
23.323807579381203
8.06225774829855
15.556349186104045
18.439088914585774
13.601470508735444
16.55294535724685
17.4928556845359
22.0
11.313708498984761
15.652475842498529
14.142135623730951
18.439088914585774
12.36931687685298
11.40175425099138
14.035668847618199
16.55294535724685
17.0
12.727922061357855
15.297058540778355
15.652475842498529
8.94427190999916
11.180339887498949
13.0
11.40175425099138
12.165525060596439
18.027756377319946
15.811388300841896
19.6468827043885
12.041594578792296
13.92838827718412
16.492422502470642
16.55294535724685
19.849433241279208
14.035668847618199
14.212670403551895
17.26267650163207
11.180339887498949
15.0
16.401219466856727
16.1245154965971
11.40175425099138
20.0
11.40175425099138
12.165525060596439
15.0
19.026297590440446
20.808652046684813
10.295630140987
16.76305461424021
18.384776310850235
17.69180601295413
21.213203435596427
12.041594578792296
12.36931687685298
10.295630140987
17.0
12.165525060596439
17.46424919657298
17.69180601295413
16.278820596099706
12.083045973594572
15.033296378372908
12.041594578792296
13.0
15.652475842498529
15.0
17.88854381999832
9.055385138137417
14.866068747318506
16.64331697709324
17.029386365926403
15.033296378372908
16.15549442140351
16.278820596099706
14.317821063276353
16.1245154965971
13.601470508735444
13.92838827718412
15.264337522473747
16.0312195418814
14.560219778561036
17.804493814764857
23.021728866442675
23.345235059857504
11.40175425099138
18.027756377319946
18.384776310850235
12.041594578792296
21.0
16.492422502470642
16.0
16.1245154965971
21.02379604162864
22.20360331117452
25.0
25.238858928247925
15.033296378372908
10.295630140987
10.770329614269007
13.038404810405298
15.652475842498529
17.46424919657298
13.038404810405298
14.422205101855956
13.601470508735444
14.422205101855956
22.47220505424423
14.142135623730951
14.7648230602334
16.401219466856727
11.40175425099138
15.620499351813308
17.11724276862369
14.317821063276353
14.866068747318506
15.033296378372908
14.317821063276353
18.973665961010276
10.04987562112089
21.540659228538015
21.93171219946131
11.40175425099138
15.0
16.401219466856727
13.416407864998739
22.20360331117452
9.848857801796104
13.038404810405298
14.866068747318506
16.278820596099706
11.180339887498949
12.36931687685298
16.55294535724685
17.4928556845359
16.492422502470642
16.55294535724685
17.4928556845359
10.198039027185569
12.083045973594572
20.09975124224178
16.401219466856727
12.529964086141668
15.0
15.132745950421556
15.811388300841896
14.7648230602334
15.297058540778355
16.0312195418814
14.0
18.384776310850235
13.152946437965905
15.0
23.600847442411894
20.248456731316587
20.518284528683193
22.02271554554524
22.360679774997898
23.021728866442675
24.596747752497688
13.416407864998739
14.7648230602334
15.0
15.811388300841896
13.416407864998739
13.601470508735444
12.041594578792296
10.44030650891055
15.033296378372908
13.416407864998739
24.0
12.041594578792296
19.4164878389476
15.0
17.46424919657298
22.135943621178654
23.40939982143925
11.180339887498949
17.08800749063506
18.027756377319946
16.278820596099706
17.88854381999832
13.0
16.55294535724685
12.083045973594572
15.297058540778355
15.524174696260024
12.165525060596439
12.041594578792296
13.892443989449804
13.416407864998739
14.422205101855956
9.219544457292887
13.0
13.416407864998739
14.560219778561036
13.601470508735444
13.416407864998739
18.384776310850235
12.206555615733702
15.811388300841896
17.88854381999832
16.97056274847714
16.64331697709324
24.20743687382041
25.709920264364882
15.620499351813308
12.36931687685298
11.40175425099138
13.0
21.587033144922902
25.96150997149434
27.073972741361768
27.80287754891569
13.601470508735444
15.0
15.811388300841896
16.1245154965971
18.0
13.92838827718412
14.142135623730951
13.038404810405298
13.92838827718412
15.033296378372908
16.401219466856727
18.867962264113206
17.46424919657298
13.0
17.08800749063506
19.235384061671343
19.4164878389476
15.033296378372908
16.0312195418814
11.180339887498949
15.231546211727817
11.704699910719626
16.0312195418814
11.180339887498949
13.341664064126334
13.0
10.816653826391969
16.64331697709324
12.041594578792296
14.035668847618199
14.212670403551895
18.681541692269406
16.55294535724685
13.038404810405298
16.15549442140351
16.76305461424021
16.76305461424021
18.439088914585774
9.433981132056603
14.142135623730951
11.180339887498949
12.0
20.024984394500787
13.601470508735444
13.92838827718412
15.620499351813308
13.45362404707371
14.317821063276353
14.035668847618199
12.165525060596439
11.313708498984761
15.231546211727817
11.180339887498949
16.401219466856727
10.0
11.180339887498949
11.40175425099138
14.560219778561036
14.866068747318506
26.1725046566048
27.018512172212592
14.422205101855956
14.7648230602334
12.165525060596439
13.92838827718412
18.24828759089466
18.601075237738275
11.40175425099138
17.88854381999832
14.035668847618199
14.422205101855956
12.529964086141668
13.038404810405298
18.110770276274835
12.083045973594572
15.264337522473747
19.4164878389476
16.278820596099706
17.0
15.811388300841896
16.0
9.055385138137417
15.652475842498529
16.15549442140351
17.11724276862369
17.4928556845359
13.892443989449804
14.0
12.0
16.55294535724685
12.206555615733702
15.524174696260024
17.0
13.038404810405298
16.76305461424021
12.041594578792296
9.486832980505138
13.892443989449804
11.704699910719626
12.165525060596439
13.416407864998739
15.132745950421556
16.55294535724685
13.0
14.212670403551895
15.264337522473747
8.602325267042627
18.027756377319946
13.45362404707371
12.529964086141668
11.0
12.083045973594572
11.0
14.422205101855956
11.0
13.416407864998739
15.231546211727817
13.038404810405298
15.033296378372908
17.029386365926403
14.035668847618199
11.180339887498949
12.041594578792296
12.083045973594572
14.0
18.384776310850235
18.439088914585774
10.770329614269007
12.041594578792296
13.152946437965905
15.0
12.36931687685298
13.152946437965905
15.0
16.1245154965971
11.40175425099138
14.212670403551895
14.317821063276353
15.652475842498529
13.341664064126334
15.524174696260024
19.235384061671343
27.51363298439521
11.40175425099138
12.083045973594572
10.770329614269007
10.770329614269007
12.206555615733702
10.04987562112089
13.0
12.206555615733702
14.422205101855956
13.416407864998739
16.278820596099706
22.47220505424423
25.079872407968907
26.0
12.165525060596439
15.0
15.132745950421556
20.248456731316587
12.083045973594572
13.45362404707371
14.142135623730951
9.433981132056603
11.40175425099138
12.36931687685298
15.231546211727817
11.0
20.12461179749811
10.770329614269007
11.045361017187261
13.892443989449804
13.152946437965905
14.560219778561036
14.317821063276353
15.033296378372908
16.64331697709324
16.76305461424021
10.0
12.165525060596439
9.848857801796104
12.806248474865697
17.204650534085253
19.026297590440446
11.045361017187261
11.045361017187261
10.44030650891055
14.317821063276353
12.206555615733702
15.524174696260024
16.55294535724685
15.033296378372908
16.1245154965971
13.601470508735444
18.867962264113206
14.560219778561036
17.204650534085253
18.681541692269406
18.973665961010276
13.892443989449804
14.142135623730951
15.132745950421556
10.04987562112089
15.0
11.40175425099138
11.313708498984761
18.35755975068582
11.704699910719626
19.924858845171276
11.40175425099138
10.198039027185569
15.620499351813308
10.816653826391969
16.1245154965971
16.15549442140351
9.486832980505138
12.529964086141668
12.727922061357855
16.1245154965971
16.278820596099706
17.72004514666935
13.152946437965905
15.556349186104045
11.180339887498949
11.180339887498949
15.0
10.63014581273465
12.36931687685298
17.08800749063506
18.027756377319946
17.11724276862369
17.46424919657298
11.180339887498949
10.44030650891055
11.40175425099138
12.041594578792296
12.806248474865697
13.892443989449804
14.422205101855956
14.0
17.26267650163207
17.88854381999832
16.15549442140351
18.601075237738275
10.198039027185569
13.92838827718412
16.401219466856727
17.46424919657298
17.72004514666935
11.40175425099138
12.806248474865697
11.704699910719626
12.041594578792296
12.165525060596439
10.770329614269007
12.041594578792296
12.083045973594572
13.892443989449804
13.0
15.132745950421556
11.661903789690601
12.165525060596439
12.041594578792296
19.1049731745428
19.6468827043885
12.165525060596439
14.866068747318506
17.204650534085253
15.132745950421556
15.811388300841896
16.278820596099706
13.92838827718412
12.727922061357855
17.08800749063506
21.400934559032695
12.529964086141668
14.142135623730951
14.212670403551895
14.317821063276353
16.1245154965971
24.166091947189145
11.40175425099138
15.0
9.486832980505138
12.0
11.313708498984761
15.0
15.033296378372908
19.72308292331602
20.12461179749811
12.083045973594572
13.45362404707371
12.649110640673518
13.152946437965905
10.44030650891055
14.035668847618199
11.180339887498949
15.264337522473747
16.401219466856727
18.35755975068582
10.295630140987
12.165525060596439
17.11724276862369
17.4928556845359
11.180339887498949
13.152946437965905
13.45362404707371
11.704699910719626
16.1245154965971
11.180339887498949
12.649110640673518
14.212670403551895
13.892443989449804
13.92838827718412
14.317821063276353
11.40175425099138
19.849433241279208
20.808652046684813
15.556349186104045
12.041594578792296
12.041594578792296
17.46424919657298
12.36931687685298
14.7648230602334
11.180339887498949
11.704699910719626
11.40175425099138
12.0
13.0
13.152946437965905
13.601470508735444
12.041594578792296
14.866068747318506
12.165525060596439
16.1245154965971
16.76305461424021
13.416407864998739
17.11724276862369
12.806248474865697
13.038404810405298
12.206555615733702
13.601470508735444
16.492422502470642
17.88854381999832
18.35755975068582
18.384776310850235
19.72308292331602
12.165525060596439
12.206555615733702
12.649110640673518
11.40175425099138
11.313708498984761
13.341664064126334
11.661903789690601
18.110770276274835
13.892443989449804
14.866068747318506
11.045361017187261
19.235384061671343
16.15549442140351
16.278820596099706
16.64331697709324
18.788294228055936
20.0
20.09975124224178
13.892443989449804
14.560219778561036
10.63014581273465
12.083045973594572
12.165525060596439
16.55294535724685
12.529964086141668
15.811388300841896
16.15549442140351
17.4928556845359
18.027756377319946
18.384776310850235
18.439088914585774
19.79898987322333
21.37755832643195
12.529964086141668
12.806248474865697
13.038404810405298
14.317821063276353
17.46424919657298
11.661903789690601
13.416407864998739
12.041594578792296
11.704699910719626
19.235384061671343
12.727922061357855
22.02271554554524
22.135943621178654
13.038404810405298
13.92838827718412
15.231546211727817
17.08800749063506
15.231546211727817
16.0312195418814
17.72004514666935
14.317821063276353
16.278820596099706
9.219544457292887
15.620499351813308
11.180339887498949
15.132745950421556
11.704699910719626
14.035668847618199
14.866068747318506
13.038404810405298
12.0
13.341664064126334
17.72004514666935
18.439088914585774
12.083045973594572
11.313708498984761
19.4164878389476
12.041594578792296
13.892443989449804
10.816653826391969
13.038404810405298
14.422205101855956
15.264337522473747
12.041594578792296
13.601470508735444
13.601470508735444
12.165525060596439
15.524174696260024
13.038404810405298
13.038404810405298
11.045361017187261
14.866068747318506
11.180339887498949
13.601470508735444
15.620499351813308
15.556349186104045
17.0
19.4164878389476
19.6468827043885
18.867962264113206
13.341664064126334
14.035668847618199
14.866068747318506
11.661903789690601
12.806248474865697
15.132745950421556
10.295630140987
14.422205101855956
17.08800749063506
14.560219778561036
12.806248474865697
14.0
14.035668847618199
12.041594578792296
11.045361017187261
12.36931687685298
16.76305461424021
19.235384061671343
12.165525060596439
13.0
9.055385138137417
15.132745950421556
15.297058540778355
22.67156809750927
16.1245154965971
20.024984394500787
10.295630140987
12.0
12.649110640673518
13.038404810405298
14.422205101855956
13.0
15.0
20.615528128088304
28.284271247461902
15.620499351813308
15.033296378372908
13.038404810405298
13.341664064126334
14.422205101855956
18.35755975068582
14.035668847618199
17.029386365926403
12.041594578792296
13.0
15.264337522473747
10.44030650891055
12.36931687685298
14.560219778561036
11.661903789690601
12.083045973594572
10.04987562112089
12.36931687685298
12.36931687685298
14.035668847618199
13.416407864998739
15.231546211727817
19.235384061671343
13.416407864998739
14.422205101855956
16.97056274847714
12.529964086141668
13.416407864998739
14.866068747318506
10.816653826391969
11.40175425099138
16.1245154965971
17.029386365926403
13.038404810405298
14.7648230602334
15.0
11.0
12.083045973594572
15.0
11.40175425099138
14.142135623730951
14.866068747318506
17.804493814764857
11.40175425099138
13.416407864998739
12.083045973594572
13.892443989449804
14.317821063276353
13.0
14.560219778561036
14.7648230602334
11.661903789690601
14.0
21.470910553583888
11.0
13.152946437965905
9.848857801796104
11.661903789690601
12.206555615733702
13.892443989449804
13.92838827718412
14.142135623730951
15.231546211727817
13.038404810405298
13.601470508735444
16.76305461424021
14.560219778561036
16.401219466856727
13.0
13.341664064126334
11.045361017187261
20.12461179749811
15.231546211727817
15.524174696260024
16.0312195418814
12.083045973594572
13.341664064126334
15.0
15.811388300841896
16.278820596099706
17.804493814764857
16.64331697709324
14.422205101855956
18.35755975068582
14.0
14.866068747318506
13.152946437965905
15.811388300841896
14.142135623730951
12.727922061357855
13.0
13.892443989449804
15.652475842498529
16.0312195418814
16.64331697709324
18.24828759089466
14.212670403551895
18.027756377319946
10.44030650891055
13.92838827718412
14.212670403551895
12.649110640673518
12.727922061357855
15.620499351813308
16.1245154965971
16.76305461424021
13.341664064126334
17.0
11.40175425099138
17.804493814764857
13.038404810405298
15.132745950421556
14.560219778561036
17.26267650163207
10.04987562112089
14.035668847618199
16.0312195418814
9.848857801796104
20.12461179749811
20.248456731316587
13.341664064126334
15.620499351813308
16.15549442140351
12.083045973594572
14.866068747318506
15.033296378372908
9.848857801796104
11.40175425099138
13.601470508735444
14.7648230602334
13.416407864998739
12.649110640673518
13.341664064126334
15.0
12.806248474865697
12.806248474865697
15.033296378372908
19.4164878389476
19.79898987322333
19.924858845171276
20.09975124224178
21.587033144922902
13.038404810405298
15.556349186104045
19.79898987322333
14.866068747318506
10.770329614269007
10.816653826391969
8.48528137423857
18.0
12.165525060596439
12.206555615733702
13.92838827718412
14.142135623730951
19.849433241279208
11.40175425099138
15.556349186104045
11.180339887498949
13.601470508735444
11.40175425099138
14.0
17.0
12.36931687685298
11.313708498984761
11.0
12.529964086141668
19.697715603592208
11.661903789690601
13.601470508735444
11.661903789690601
12.0
14.212670403551895
13.45362404707371
16.278820596099706
17.11724276862369
12.206555615733702
13.601470508735444
10.44030650891055
12.36931687685298
12.529964086141668
13.0
9.848857801796104
12.041594578792296
17.88854381999832
18.439088914585774
17.46424919657298
18.027756377319946
12.0
15.033296378372908
18.681541692269406
13.892443989449804
14.422205101855956
12.206555615733702
14.0
11.40175425099138
15.0
15.652475842498529
12.206555615733702
12.649110640673518
12.806248474865697
11.704699910719626
14.035668847618199
16.15549442140351
13.0
13.038404810405298
16.278820596099706
10.63014581273465
14.560219778561036
13.0
13.416407864998739
11.40175425099138
14.560219778561036
16.15549442140351
9.848857801796104
15.811388300841896
12.529964086141668
13.152946437965905
14.142135623730951
18.110770276274835
15.231546211727817
23.08679276123039
14.866068747318506
19.4164878389476
16.1245154965971
16.1245154965971
10.295630140987
13.601470508735444
14.422205101855956
8.06225774829855
10.63014581273465
12.36931687685298
12.529964086141668
13.601470508735444
13.892443989449804
15.297058540778355
14.317821063276353
14.142135623730951
14.560219778561036
17.08800749063506
11.661903789690601
14.7648230602334
18.867962264113206
12.083045973594572
13.601470508735444
15.033296378372908
17.46424919657298
18.867962264113206
18.867962264113206
12.165525060596439
12.165525060596439
14.866068747318506
15.652475842498529
13.038404810405298
16.15549442140351
14.142135623730951
14.317821063276353
14.866068747318506
12.529964086141668
13.0
19.4164878389476
12.36931687685298
11.40175425099138
14.142135623730951
16.1245154965971
18.439088914585774
21.213203435596427
15.297058540778355
13.341664064126334
14.317821063276353
13.0
15.132745950421556
19.313207915827967
19.849433241279208
20.808652046684813
12.041594578792296
20.09975124224178
13.152946437965905
10.295630140987
13.892443989449804
10.0
10.295630140987
19.313207915827967
13.601470508735444
11.180339887498949
16.0312195418814
10.295630140987
12.0
11.704699910719626
18.788294228055936
12.649110640673518
13.45362404707371
12.806248474865697
19.026297590440446
11.661903789690601
12.083045973594572
12.041594578792296
12.206555615733702
13.601470508735444
15.556349186104045
14.212670403551895
15.0
16.0312195418814
12.083045973594572
14.317821063276353
15.0
17.029386365926403
12.529964086141668
15.264337522473747
13.892443989449804
17.0
19.313207915827967
19.4164878389476
20.09975124224178
16.0312195418814
16.55294535724685
17.029386365926403
19.697715603592208
11.40175425099138
13.92838827718412
16.0312195418814
17.0
17.204650534085253
18.439088914585774
14.0
16.492422502470642
11.180339887498949
13.92838827718412
10.63014581273465
11.704699910719626
15.297058540778355
10.44030650891055
16.64331697709324
10.0
12.649110640673518
16.1245154965971
13.038404810405298
13.601470508735444
12.206555615733702
16.0
16.401219466856727
17.029386365926403
17.08800749063506
18.973665961010276
14.866068747318506
18.027756377319946
20.615528128088304
16.1245154965971
16.76305461424021
14.866068747318506
15.264337522473747
16.492422502470642
18.35755975068582
13.341664064126334
15.620499351813308
16.1245154965971
10.04987562112089
13.416407864998739
15.556349186104045
11.40175425099138
12.649110640673518
11.661903789690601
13.038404810405298
8.06225774829855
16.55294535724685
13.0
16.0312195418814
16.401219466856727
10.0
13.416407864998739
11.0
19.6468827043885
12.083045973594572
9.486832980505138
13.601470508735444
14.7648230602334
16.401219466856727
16.64331697709324
12.36931687685298
13.0
16.64331697709324
13.45362404707371
16.278820596099706
12.041594578792296
15.033296378372908
13.038404810405298
13.416407864998739
14.142135623730951
14.422205101855956
13.92838827718412
14.7648230602334
10.770329614269007
12.041594578792296
19.4164878389476
20.223748416156685
14.866068747318506
15.033296378372908
18.601075237738275
16.64331697709324
18.110770276274835
14.422205101855956
14.422205101855956
14.7648230602334
15.033296378372908
14.317821063276353
16.278820596099706
13.45362404707371
14.317821063276353
16.15549442140351
16.278820596099706
17.0
17.804493814764857
13.601470508735444
15.132745950421556
15.620499351813308
9.219544457292887
11.661903789690601
13.038404810405298
15.0
18.35755975068582
10.0
12.649110640673518
14.317821063276353
11.704699910719626
12.806248474865697
13.341664064126334
16.278820596099706
18.24828759089466
12.041594578792296
13.0
13.416407864998739
16.76305461424021
18.027756377319946
11.045361017187261
13.45362404707371
13.0
15.264337522473747
16.278820596099706
11.661903789690601
14.0
14.866068747318506
16.401219466856727
15.297058540778355
16.64331697709324
11.661903789690601
13.601470508735444
13.0
14.866068747318506
23.021728866442675
23.021728866442675
23.323807579381203
13.892443989449804
20.0
20.12461179749811
16.0312195418814
17.029386365926403
9.433981132056603
18.384776310850235
10.295630140987
14.142135623730951
12.083045973594572
16.401219466856727
12.806248474865697
14.317821063276353
15.264337522473747
15.297058540778355
17.0
15.264337522473747
11.40175425099138
15.811388300841896
17.0
20.248456731316587
9.848857801796104
16.55294535724685
17.11724276862369
18.027756377319946
13.038404810405298
15.524174696260024
11.045361017187261
15.0
15.033296378372908
11.40175425099138
12.649110640673518
15.0
17.26267650163207
18.35755975068582
20.248456731316587
14.866068747318506
15.231546211727817
10.198039027185569
12.0
27.018512172212592
27.892651361962706
14.422205101855956
15.524174696260024
17.0
15.0
15.231546211727817
15.524174696260024
15.652475842498529
16.1245154965971
11.40175425099138
14.035668847618199
10.816653826391969
13.601470508735444
14.7648230602334
14.866068747318506
16.0312195418814
17.46424919657298
16.1245154965971
17.029386365926403
17.029386365926403
17.4928556845359
17.69180601295413
19.026297590440446
13.601470508735444
17.804493814764857
17.69180601295413
18.439088914585774
12.165525060596439
17.029386365926403
18.35755975068582
13.601470508735444
15.231546211727817
14.7648230602334
16.64331697709324
13.0
16.55294535724685
18.384776310850235
19.313207915827967
21.2602916254693
17.204650534085253
17.46424919657298
17.69180601295413
14.560219778561036
16.1245154965971
16.15549442140351
14.866068747318506
16.1245154965971
12.529964086141668
14.142135623730951
17.26267650163207
12.806248474865697
13.0
11.661903789690601
13.601470508735444
19.4164878389476
19.6468827043885
21.633307652783937
15.132745950421556
17.204650534085253
17.72004514666935
14.142135623730951
14.317821063276353
14.317821063276353
12.041594578792296
15.0
15.0
15.033296378372908
17.08800749063506
13.45362404707371
14.7648230602334
11.661903789690601
16.0312195418814
14.317821063276353
11.40175425099138
14.317821063276353
13.038404810405298
15.264337522473747
11.40175425099138
15.132745950421556
13.0
15.297058540778355
21.840329667841555
24.041630560342615
16.0312195418814
17.0
12.041594578792296
16.1245154965971
7.810249675906654
14.422205101855956
16.278820596099706
24.758836806279895
11.0
12.36931687685298
14.317821063276353
16.401219466856727
19.6468827043885
19.924858845171276
11.180339887498949
15.264337522473747
19.026297590440446
19.72308292331602
9.433981132056603
16.278820596099706
14.422205101855956
14.866068747318506
11.661903789690601
12.041594578792296
13.341664064126334
13.601470508735444
12.083045973594572
12.206555615733702
13.0
16.15549442140351
12.727922061357855
16.1245154965971
17.72004514666935
18.601075237738275
17.804493814764857
19.697715603592208
11.704699910719626
12.649110640673518
12.727922061357855
18.384776310850235
12.165525060596439
12.727922061357855
12.0
13.92838827718412
14.035668847618199
13.0
14.560219778561036
11.0
15.811388300841896
17.46424919657298
19.924858845171276
13.0
15.556349186104045
9.219544457292887
13.038404810405298
14.866068747318506
9.055385138137417
14.142135623730951
12.041594578792296
15.033296378372908
17.72004514666935
12.165525060596439
12.165525060596439
15.297058540778355
17.4928556845359
24.839484696748443
28.635642126552707
13.601470508735444
10.816653826391969
11.40175425099138
15.0
23.08679276123039
15.811388300841896
17.029386365926403
12.206555615733702
14.866068747318506
10.770329614269007
11.0
12.529964086141668
13.152946437965905
11.180339887498949
12.206555615733702
12.727922061357855
13.92838827718412
10.0
15.811388300841896
10.198039027185569
12.165525060596439
15.297058540778355
14.560219778561036
14.0
18.788294228055936
17.46424919657298
19.6468827043885
12.529964086141668
13.892443989449804
11.661903789690601
15.811388300841896
22.02271554554524
10.198039027185569
11.40175425099138
12.529964086141668
15.811388300841896
17.72004514666935
12.649110640673518
16.278820596099706
17.88854381999832
10.295630140987
12.083045973594572
14.317821063276353
17.804493814764857
12.083045973594572
16.64331697709324
19.209372712298546
12.529964086141668
16.401219466856727
12.36931687685298
10.0
10.295630140987
11.180339887498949
17.4928556845359
18.027756377319946
17.029386365926403
13.601470508735444
13.601470508735444
15.620499351813308
16.278820596099706
15.264337522473747
19.849433241279208
12.206555615733702
13.152946437965905
8.94427190999916
17.46424919657298
18.384776310850235
18.384776310850235
20.808652046684813
21.37755832643195
13.038404810405298
14.866068747318506
15.811388300841896
10.198039027185569
11.40175425099138
12.165525060596439
12.083045973594572
12.529964086141668
12.083045973594572
12.649110640673518
17.4928556845359
20.615528128088304
14.7648230602334
10.63014581273465
11.045361017187261
11.661903789690601
12.727922061357855
17.46424919657298
11.40175425099138
21.213203435596427
18.384776310850235
18.681541692269406
13.0
15.652475842498529
13.038404810405298
14.317821063276353
10.816653826391969
12.206555615733702
8.602325267042627
16.97056274847714
14.212670403551895
15.652475842498529
14.866068747318506
15.811388300841896
16.1245154965971
13.892443989449804
17.204650534085253
14.560219778561036
16.1245154965971
17.46424919657298
18.0
19.235384061671343
20.518284528683193
21.93171219946131
15.231546211727817
10.0
11.045361017187261
13.601470508735444
12.041594578792296
12.041594578792296
10.816653826391969
18.601075237738275
18.973665961010276
21.213203435596427
22.847319317591726
12.083045973594572
13.152946437965905
14.866068747318506
22.360679774997898
15.132745950421556
16.0312195418814
13.892443989449804
10.770329614269007
13.038404810405298
14.317821063276353
15.132745950421556
16.0312195418814
16.278820596099706
12.041594578792296
17.72004514666935
17.88854381999832
18.867962264113206
19.4164878389476
21.18962010041709
22.02271554554524
24.08318915758459
16.0
16.15549442140351
17.204650534085253
10.816653826391969
12.0
13.0
15.033296378372908
15.264337522473747
14.7648230602334
21.540659228538015
11.045361017187261
13.038404810405298
11.180339887498949
9.219544457292887
13.152946437965905
14.317821063276353
15.811388300841896
12.041594578792296
15.132745950421556
12.206555615733702
14.317821063276353
14.866068747318506
12.649110640673518
14.560219778561036
10.04987562112089
11.180339887498949
12.529964086141668
12.165525060596439
13.892443989449804
11.40175425099138
13.45362404707371
13.601470508735444
14.422205101855956
16.15549442140351
16.401219466856727
14.035668847618199
14.7648230602334
17.46424919657298
22.47220505424423
10.816653826391969
17.69180601295413
19.6468827043885
21.540659228538015
11.661903789690601
12.529964086141668
15.297058540778355
15.811388300841896
16.278820596099706
17.0
17.11724276862369
17.4928556845359
12.806248474865697
23.021728866442675
13.0
13.152946437965905
14.142135623730951
16.64331697709324
17.08800749063506
13.341664064126334
14.142135623730951
17.08800749063506
17.4928556845359
16.55294535724685
19.72308292331602
22.360679774997898
13.601470508735444
13.0
12.165525060596439
13.038404810405298
14.317821063276353
18.681541692269406
11.40175425099138
14.317821063276353
16.1245154965971
16.492422502470642
15.132745950421556
17.804493814764857
19.79898987322333
14.560219778561036
18.0
12.529964086141668
14.422205101855956
18.027756377319946
18.681541692269406
17.46424919657298
21.840329667841555
22.02271554554524
16.278820596099706
18.384776310850235
17.69180601295413
18.110770276274835
13.92838827718412
12.083045973594572
12.806248474865697
15.264337522473747
25.942243542145693
28.071337695236398
13.341664064126334
18.973665961010276
22.47220505424423
19.235384061671343
24.186773244895647
17.26267650163207
21.93171219946131
18.35755975068582
23.194827009486403
26.570660511172846
15.132745950421556
15.811388300841896
19.849433241279208
13.038404810405298
13.152946437965905
20.024984394500787
14.142135623730951
20.09975124224178
11.045361017187261
11.40175425099138
13.416407864998739
13.038404810405298
22.47220505424423
24.413111231467404
13.892443989449804
17.204650534085253
11.704699910719626
12.041594578792296
14.317821063276353
17.11724276862369
19.026297590440446
13.341664064126334
13.892443989449804
11.40175425099138
12.36931687685298
